1000
1500 487 1375 20
1500 248 817 20
1500 818 1347 20
1500 385 425 20
1500 76 528 20
1500 50 373 20
1500 1151 1347 20
1500 869 1002 20
1500 327 348 20
1500 603 815 20
1500 198 588 20
1500 165 1202 20
1500 1018 1160 20
1500 864 923 20
1500 143 217 20
1500 410 674 20
1500 1418 1464 20
1500 142 1386 20
1500 488 1416 20
1500 1127 1218 20
1500 925 1087 20
1500 149 554 20
1500 541 996 20
1500 740 822 20
1500 167 1215 20
1500 256 812 20
1500 219 1350 20
1500 764 1430 20
1500 545 899 20
1500 905 1007 20
1500 79 185 20
1500 471 711 20
1500 495 1106 20
1500 749 1391 20
1500 114 1107 20
1500 737 1320 20
1500 841 1199 20
1500 1165 1199 20
1500 144 1266 20
1500 897 1058 20
1500 145 1018 20
1500 987 1022 20
1500 735 1306 20
1500 55 288 20
1500 196 1475 20
1500 421 1208 20
1500 1208 1278 20
1500 399 1092 20
1500 207 766 20
1500 903 1084 20
1500 326 1031 20
1500 143 1127 20
1500 768 889 20
1500 983 1117 20
1500 256 1461 20
1500 221 729 20
1500 674 977 20
1500 208 650 20
1500 479 1301 20
1500 307 1402 20
1500 661 813 20
1500 563 1185 20
1500 260 1131 20
1500 291 1188 20
1500 1097 1149 20
1500 94 1011 20
1500 51 867 20
1500 117 300 20
1500 362 1264 20
1500 330 350 20
1500 588 1267 20
1500 1019 1338 20
1500 1016 1192 20
1500 447 1086 20
1500 146 938 20
1500 81 947 20
1500 223 1005 20
1500 399 1096 20
1500 514 1124 20
1500 16 982 20
1500 112 350 20
1500 969 1134 20
1500 472 731 20
1500 12 1098 20
1500 588 651 20
1500 343 1441 20
1500 876 1300 20
1500 321 1278 20
1500 1079 1141 20
1500 416 989 20
1500 125 391 20
1500 97 353 20
1500 454 655 20
1500 298 1208 20
1500 986 1054 20
1500 1077 1264 20
1500 790 1334 20
1500 94 942 20
1500 1014 1019 20
1500 273 1258 20
1500 527 1486 20
1500 28 1474 20
1500 392 934 20
1500 458 1048 20
1500 753 1389 20
1500 459 1220 20
1500 586 1343 20
1500 228 1340 20
1500 618 1390 20
1500 104 956 20
1500 572 739 20
1500 713 1130 20
1500 148 1145 20
1500 430 1174 20
1500 675 1320 20
1500 222 360 20
1500 1085 1175 20
1500 48 1451 20
1500 162 822 20
1500 118 899 20
1500 544 1104 20
1500 10 235 20
1500 20 617 20
1500 364 1152 20
1500 471 918 20
1500 85 1460 20
1500 150 707 20
1500 35 1015 20
1500 297 999 20
1500 173 907 20
1500 125 840 20
1500 36 967 20
1500 705 1344 20
1500 109 583 20
1500 19 297 20
1500 497 1258 20
1500 546 593 20
1500 462 904 20
1500 217 1335 20
1500 935 1242 20
1500 590 1112 20
1500 65 965 20
1500 687 1423 20
1500 131 1291 20
1500 430 1016 20
1500 723 996 20
1500 200 620 20
1500 3 709 20
1500 916 1033 20
1500 953 1348 20
1500 368 1149 20
1500 225 757 20
1500 772 840 20
1500 5 446 20
1500 300 1241 20
1500 263 709 20
1500 401 1222 20
1500 555 867 20
1500 750 1280 20
1500 29 963 20
1500 226 863 20
1500 269 580 20
1500 626 1330 20
1500 668 804 20
1500 991 1325 20
1500 731 1457 20
1500 1061 1484 20
1500 43 1259 20
1500 738 1057 20
1500 277 970 20
1500 320 1449 20
1500 81 686 20
1500 57 603 20
1500 350 728 20
1500 185 881 20
1500 38 201 20
1500 1254 1341 20
1500 26 418 20
1500 327 439 20
1500 407 1314 20
1500 1197 1307 20
1500 804 1328 20
1500 251 1133 20
1500 100 1435 20
1500 1015 1156 20
1500 52 203 20
1500 401 489 20
1500 262 1083 20
1500 621 1192 20
1500 27 202 20
1500 912 1327 20
1500 495 1256 20
1500 30 1301 20
1500 1023 1361 20
1500 344 363 20
1500 105 1438 20
1500 691 1200 20
1500 73 281 20
1500 307 702 20
1500 613 1193 20
1500 872 878 20
1500 52 1226 20
1500 837 1485 20
1500 866 1190 20
1500 269 344 20
1500 391 1056 20
1500 82 899 20
1500 47 481 20
1500 676 1243 20
1500 740 1497 20
1500 149 273 20
1500 178 1220 20
1500 518 639 20
1500 416 1164 20
1500 1197 1495 20
1500 61 125 20
1500 1203 1372 20
1500 259 505 20
1500 316 1229 20
1500 690 1010 20
1500 78 960 20
1500 369 1419 20
1500 395 1238 20
1500 1238 1441 20
1500 1184 1363 20
1500 154 1447 20
1500 203 453 20
1500 424 431 20
1500 626 1303 20
1500 700 1086 20
1500 37 661 20
1500 393 499 20
1500 423 984 20
1500 94 980 20
1500 958 1304 20
1500 24 930 20
1500 57 585 20
1500 729 848 20
1500 109 1080 20
1500 978 1245 20
1500 310 317 20
1500 1098 1230 20
1500 113 1263 20
1500 699 1230 20
1500 29 1109 20
1500 246 1344 20
1500 257 829 20
1500 683 795 20
1500 39 1000 20
1500 47 1432 20
1500 391 546 20
1500 26 842 20
1500 557 708 20
1500 481 677 20
1500 405 528 20
1500 975 1350 20
1500 198 903 20
1500 1181 1430 20
1500 508 1034 20
1500 225 787 20
1500 873 1098 20
1500 94 1092 20
1500 811 1062 20
1500 738 982 20
1500 256 341 20
1500 685 1406 20
1500 598 732 20
1500 331 810 20
1500 371 374 20
1500 766 1411 20
1500 1060 1126 20
1500 631 928 20
1500 590 1308 20
1500 740 741 20
1500 368 579 20
1500 472 633 20
1500 414 1000 20
1500 45 1436 20
1500 1014 1124 20
1500 1002 1455 20
1500 797 1094 20
1500 984 1487 20
1500 32 162 20
1500 98 1280 20
1500 364 509 20
1500 861 1068 20
1500 467 1320 20
1500 182 894 20
1500 993 1023 20
1500 1323 1400 20
1500 1085 1218 20
1500 743 1144 20
1500 73 99 20
1500 589 1099 20
1500 886 1370 20
1500 452 996 20
1500 187 805 20
1500 339 1411 20
1500 649 1159 20
1500 179 1386 20
1500 346 927 20
1500 804 1079 20
1500 753 1055 20
1500 80 1158 20
1500 130 812 20
1500 328 596 20
1500 412 544 20
1500 621 1295 20
1500 169 546 20
1500 754 1212 20
1500 494 765 20
1500 1100 1261 20
1500 70 736 20
1500 510 767 20
1500 409 1304 20
1500 886 943 20
1500 608 1454 20
1500 541 1384 20
1500 1123 1256 20
1500 712 805 20
1500 393 1495 20
1500 1200 1384 20
1500 538 637 20
1500 58 62 20
1500 534 1307 20
1500 132 756 20
1500 130 944 20
1500 15 223 20
1500 653 1308 20
1500 881 1321 20
1500 236 1240 20
1500 380 1027 20
1500 790 862 20
1500 810 932 20
1500 422 934 20
1500 600 1393 20
1500 351 584 20
1500 271 576 20
1500 132 894 20
1500 149 1197 20
1500 1070 1203 20
1500 379 718 20
1500 1110 1179 20
1500 574 660 20
1500 438 639 20
1500 191 1473 20
1500 584 1306 20
1500 531 1219 20
1500 687 1490 20
1500 953 1018 20
1500 95 1028 20
1500 728 1468 20
1500 603 1444 20
1500 257 513 20
1500 391 1439 20
1500 478 1337 20
1500 175 1154 20
1500 398 1056 20
1500 797 1020 20
1500 332 1382 20
1500 464 907 20
1500 241 628 20
1500 78 1500 20
1500 287 827 20
1500 1391 1412 20
1500 214 409 20
1500 911 1450 20
1500 738 1289 20
1500 535 1287 20
1500 627 1390 20
1500 586 1355 20
1500 92 564 20
1500 698 1356 20
1500 176 213 20
1500 1376 1461 20
1500 247 373 20
1500 321 1399 20
1500 215 489 20
1500 193 1195 20
1500 396 1308 20
1500 1256 1466 20
1500 449 941 20
1500 227 246 20
1500 204 295 20
1500 368 913 20
1500 263 667 20
1500 24 1215 20
1500 912 1199 20
1500 678 1071 20
1500 709 1307 20
1500 203 275 20
1500 233 1070 20
1500 555 573 20
1500 30 906 20
1500 291 869 20
1500 27 536 20
1500 150 1466 20
1500 590 1179 20
1500 304 1088 20
1500 912 1393 20
1500 694 1353 20
1500 1289 1370 20
1500 79 248 20
1500 127 971 20
1500 1003 1016 20
1500 859 964 20
1500 896 1114 20
1500 151 877 20
1500 727 1261 20
1500 291 1412 20
1500 320 1248 20
1500 1007 1249 20
1500 580 923 20
1500 34 973 20
1500 467 1378 20
1500 734 1279 20
1500 1008 1415 20
1500 839 1265 20
1500 1003 1370 20
1500 436 675 20
1500 1 683 20
1500 219 1221 20
1500 569 1247 20
1500 196 470 20
1500 972 1357 20
1500 672 885 20
1500 391 845 20
1500 598 1444 20
1500 660 891 20
1500 550 838 20
1500 181 1068 20
1500 582 1484 20
1500 581 739 20
1500 362 409 20
1500 196 573 20
1500 502 1123 20
1500 1104 1298 20
1500 73 841 20
1500 750 935 20
1500 47 955 20
1500 12 1354 20
1500 957 1469 20
1500 658 703 20
1500 1254 1447 20
1500 156 1371 20
1500 586 827 20
1500 888 1266 20
1500 563 1489 20
1500 177 621 20
1500 339 1136 20
1500 1226 1442 20
1500 1470 1488 20
1500 162 853 20
1500 7 887 20
1500 565 1258 20
1500 286 1409 20
1500 418 694 20
1500 444 1439 20
1500 116 971 20
1500 571 1051 20
1500 215 1244 20
1500 797 1356 20
1500 442 1056 20
1500 304 935 20
1500 387 1164 20
1500 542 735 20
1500 134 920 20
1500 609 690 20
1500 741 1426 20
1500 611 1335 20
1500 1073 1164 20
1500 1055 1494 20
1500 685 1189 20
1500 489 1190 20
1500 904 1223 20
1500 152 220 20
1500 144 224 20
1500 29 869 20
1500 36 1049 20
1500 407 829 20
1500 512 685 20
1500 885 1234 20
1500 225 372 20
1500 32 222 20
1500 1050 1239 20
1500 738 1272 20
1500 687 769 20
1500 874 906 20
1500 174 706 20
1500 616 1024 20
1500 774 1180 20
1500 781 810 20
1500 605 1428 20
1500 617 1156 20
1500 931 1243 20
1500 238 324 20
1500 148 804 20
1500 670 807 20
1500 153 650 20
1500 996 1074 20
1500 482 1062 20
1500 839 1097 20
1500 36 1239 20
1500 1214 1499 20
1500 394 1101 20
1500 2 1264 20
1500 312 1220 20
1500 690 1142 20
1500 19 1011 20
1500 25 26 20
1500 52 1269 20
1500 188 695 20
1500 777 942 20
1500 652 694 20
1500 173 922 20
1500 402 1470 20
1500 453 935 20
1500 924 994 20
1500 301 675 20
1500 1206 1377 20
1500 1233 1269 20
1500 197 243 20
1500 1428 1459 20
1500 963 1095 20
1500 231 1197 20
1500 552 632 20
1500 137 1438 20
1500 1123 1381 20
1500 15 951 20
1500 466 1095 20
1500 704 1366 20
1500 886 1077 20
1500 245 291 20
1500 500 864 20
1500 1243 1395 20
1500 452 1320 20
1500 768 1482 20
1500 762 1193 20
1500 37 199 20
1500 660 1450 20
1500 328 994 20
1500 324 410 20
1500 438 841 20
1500 432 1410 20
1500 1250 1404 20
1500 227 842 20
1500 1025 1146 20
1500 174 1277 20
1500 685 743 20
1500 833 1419 20
1500 1163 1208 20
1500 1175 1357 20
1500 1074 1272 20
1500 359 1116 20
1500 641 1488 20
1500 801 938 20
1500 825 1476 20
1500 1032 1334 20
1500 158 1075 20
1500 658 1372 20
1500 486 1284 20
1500 259 1000 20
1500 242 1468 20
1500 454 742 20
1500 283 1286 20
1500 678 835 20
1500 551 1420 20
1500 229 1038 20
1500 810 1080 20
1500 140 908 20
1500 41 830 20
1500 459 1078 20
1500 1164 1352 20
1500 460 1006 20
1500 202 904 20
1500 517 1450 20
1500 170 661 20
1500 242 660 20
1500 323 1170 20
1500 643 1221 20
1500 709 1013 20
1500 446 734 20
1500 745 1124 20
1500 216 535 20
1500 248 798 20
1500 1075 1089 20
1500 419 1310 20
1500 509 804 20
1500 266 808 20
1500 657 1101 20
1500 659 863 20
1500 851 991 20
1500 280 1296 20
1500 70 1034 20
1500 108 1437 20
1500 1143 1153 20
1500 226 1417 20
1500 974 1425 20
1500 475 907 20
1500 958 982 20
1500 200 736 20
1500 202 1417 20
1500 400 1397 20
1500 941 1237 20
1500 106 1045 20
1500 308 800 20
1500 286 773 20
1500 1139 1202 20
1500 1027 1281 20
1500 1213 1440 20
1500 1009 1255 20
1500 31 182 20
1500 258 627 20
1500 202 827 20
1500 410 1050 20
1500 445 1453 20
1500 279 462 20
1500 656 770 20
1500 288 910 20
1500 622 838 20
1500 179 227 20
1500 613 1185 20
1500 468 1198 20
1500 574 1064 20
1500 81 477 20
1500 266 1483 20
1500 25 1172 20
1500 9 972 20
1500 1273 1451 20
1500 478 561 20
1500 768 941 20
1500 148 455 20
1500 401 1470 20
1500 136 1299 20
1500 608 870 20
1500 884 944 20
1500 465 802 20
1500 96 619 20
1500 122 360 20
1500 132 1149 20
1500 80 1068 20
1500 344 624 20
1500 145 1079 20
1500 916 1225 20
1500 106 892 20
1500 43 961 20
1500 439 1198 20
1500 627 1009 20
1500 264 301 20
1500 469 712 20
1500 480 1301 20
1500 200 1161 20
1500 456 1227 20
1500 98 98 20
1500 1033 1472 20
1500 714 980 20
1500 641 789 20
1500 867 1129 20
1500 64 1385 20
1500 314 961 20
1500 119 422 20
1500 731 1449 20
1500 1299 1335 20
1500 878 1385 20
1500 813 1403 20
1500 287 515 20
1500 511 767 20
1500 579 705 20
1500 405 500 20
1500 173 474 20
1500 184 1177 20
1500 1065 1109 20
1500 165 816 20
1500 658 1268 20
1500 877 1165 20
1500 221 261 20
1500 537 1407 20
1500 411 1289 20
1500 1430 1461 20
1500 530 1325 20
1500 435 1184 20
1500 1009 1073 20
1500 995 1298 20
1500 209 1255 20
1500 892 1474 20
1500 230 661 20
1500 487 816 20
1500 778 1391 20
1500 1381 1488 20
1500 27 741 20
1500 416 477 20
1500 226 1441 20
1500 327 1233 20
1500 426 913 20
1500 208 985 20
1500 527 670 20
1500 328 893 20
1500 758 1460 20
1500 300 755 20
1500 70 575 20
1500 1340 1495 20
1500 138 557 20
1500 178 668 20
1500 190 379 20
1500 35 1261 20
1500 637 1268 20
1500 640 817 20
1500 523 1390 20
1500 608 928 20
1500 125 1393 20
1500 254 728 20
1500 429 787 20
1500 123 951 20
1500 1390 1426 20
1500 394 585 20
1500 316 400 20
1500 221 854 20
1500 1197 1432 20
1500 181 1247 20
1500 397 406 20
1500 760 824 20
1500 421 1177 20
1500 195 686 20
1500 109 536 20
1500 525 988 20
1500 278 1254 20
1500 249 281 20
1500 81 135 20
1500 1223 1418 20
1500 973 1085 20
1500 1190 1319 20
1500 1022 1418 20
1500 151 449 20
1500 406 1272 20
1500 518 1335 20
1500 334 1484 20
1500 462 1226 20
1500 237 513 20
1500 398 1241 20
1500 477 524 20
1500 131 1258 20
1500 703 1386 20
1500 134 1466 20
1500 508 869 20
1500 745 1017 20
1500 460 577 20
1500 314 1304 20
1500 737 1024 20
1500 406 1326 20
1500 93 950 20
1500 570 1078 20
1500 220 1111 20
1500 331 654 20
1500 403 1274 20
1500 832 903 20
1500 1226 1238 20
1500 307 555 20
1500 1066 1476 20
1500 1116 1403 20
1500 1 59 20
1500 353 874 20
1500 745 813 20
1500 65 936 20
1500 102 898 20
1500 108 899 20
1500 439 520 20
1500 971 1362 20
1500 72 932 20
1500 724 1494 20
1500 287 785 20
1500 560 1301 20
1500 496 927 20
1500 261 1359 20
1500 220 1362 20
1500 599 939 20
1500 457 775 20
1500 367 489 20
1500 441 989 20
1500 413 542 20
1500 100 1484 20
1500 408 587 20
1500 1259 1353 20
1500 119 374 20
1500 1025 1390 20
1500 627 1424 20
1500 820 1182 20
1500 925 1117 20
1500 1048 1332 20
1500 530 812 20
1500 651 1431 20
1500 648 1123 20
1500 126 648 20
1500 39 458 20
1500 169 849 20
1500 350 1113 20
1500 718 904 20
1500 1272 1287 20
1500 531 795 20
1500 271 432 20
1500 123 1393 20
1500 232 981 20
1500 229 986 20
1500 1 23 20
1500 529 1485 20
1500 595 1177 20
1500 397 427 20
1500 596 1159 20
1500 398 543 20
1500 919 1304 20
1500 138 1279 20
1500 1256 1281 20
1500 29 1300 20
1500 120 1399 20
1500 625 1416 20
1500 17 282 20
1500 397 932 20
1500 903 1288 20
1500 183 385 20
1500 921 1433 20
1500 912 1202 20
1500 796 1119 20
1500 324 879 20
1500 427 1465 20
1500 37 1097 20
1500 507 1163 20
1500 37 707 20
1500 1063 1191 20
1500 711 1391 20
1500 747 817 20
1500 691 1180 20
1500 240 1138 20
1500 94 539 20
1500 637 864 20
1500 893 1167 20
1500 157 213 20
1500 555 591 20
1500 299 967 20
1500 728 1292 20
1500 111 1128 20
1500 209 454 20
1500 1013 1219 20
1500 208 1209 20
1500 124 1253 20
1500 66 1377 20
1500 935 1331 20
1500 3 1305 20
1500 1223 1376 20
1500 233 540 20
1500 416 700 20
1500 884 952 20
1500 136 428 20
1500 81 1108 20
1500 192 889 20
1500 225 1196 20
1500 36 222 20
1500 47 1136 20
1500 57 474 20
1500 449 590 20
1500 375 663 20
1500 175 1327 20
1500 490 537 20
1500 553 1131 20
1500 250 560 20
1500 513 1462 20
1500 767 1108 20
1500 223 460 20
1500 931 1134 20
1500 655 806 20
1500 151 762 20
1500 611 886 20
1500 605 1150 20
1500 796 1495 20
1500 199 1320 20
1500 1008 1308 20
1500 82 1172 20
1500 1234 1373 20
1500 61 756 20
1500 263 285 20
1500 166 1027 20
1500 271 407 20
1500 507 1264 20
1500 290 744 20
1500 821 1135 20
1500 1242 1351 20
1500 112 926 20
1500 842 874 20
1500 387 555 20
1500 23 1406 20
1500 1017 1317 20
1500 5 1166 20
1500 551 1394 20
1500 592 832 20
1500 375 1149 20
1500 88 468 20
1500 1045 1104 20
1500 756 1139 20
1500 664 1499 20
1500 186 777 20
1500 147 203 20
1500 579 981 20
1500 254 1040 20
1500 339 1353 20
1500 1191 1333 20
1500 817 900 20
1500 1045 1173 20
1500 90 744 20
1500 247 1434 20
1500 275 493 20
1500 763 1371 20
1500 284 1223 20
1500 755 893 20
1500 390 1159 20
1500 362 737 20
1500 503 1189 20
1500 504 1381 20
1500 570 1478 20
1500 673 1342 20
1500 22 120 20
1500 311 313 20
1500 191 227 20
1500 800 1031 20
1500 667 778 20
1500 46 1090 20
1500 789 839 20
1500 391 702 20
1500 169 408 20
1500 698 1146 20
1500 84 356 20
1500 1029 1163 20
1500 37 976 20
1500 13 1182 20
1500 45 808 20
1500 165 627 20
1500 39 1429 20
1500 108 1162 20
1500 876 992 20
1500 75 625 20
1500 417 906 20
1500 863 1074 20
1500 550 788 20
1500 372 1001 20
1500 196 427 20
1500 405 591 20
1500 155 162 20
1500 742 1303 20
1500 287 1181 20
1500 818 1122 20
1500 614 1230 20
1500 194 1284 20
1500 278 1399 20
1500 686 1188 20
1500 151 236 20
1500 141 1133 20
1500 210 455 20
1500 316 925 20
1500 1211 1467 20
1500 479 994 20
1500 890 1449 20
1500 252 1062 20
1500 408 591 20
1500 220 302 20
1500 1026 1382 20
1500 318 453 20
1500 328 1081 20
1500 34 1454 20
1500 67 659 20
1500 226 1259 20
1500 440 1196 20
1500 147 452 20
1500 370 1404 20
1500 559 1208 20
1500 625 677 20
1500 505 684 20
1500 577 1026 20
1500 764 1274 20
1500 95 392 20
1500 821 963 20
1500 287 839 20
1500 198 742 20
1500 757 1212 20
1500 1168 1259 20
1500 613 992 20
1500 224 346 20
1500 315 371 20
1500 328 1085 20
1500 1108 1258 20
1500 511 681 20
1500 1452 1488 20
1500 511 995 20
1500 1099 1300 20
1500 951 1021 20
1500 436 1452 20
1500 271 1444 20
1500 304 992 20
1500 269 1315 20
1500 401 963 20
1500 979 1250 20
1500 30 31 20
1500 163 268 20
1500 484 698 20
