100
1500 229 1219 30
1500 359 1003 30
1500 519 1195 30
1500 145 803 30
1500 21 833 30
1500 1234 1393 30
1500 407 652 30
1500 793 1415 30
1500 48 1357 30
1500 316 1142 30
1500 120 1499 30
1500 67 678 30
1500 253 263 30
1500 716 1005 30
1500 131 1429 30
1500 275 476 30
1500 24 1224 30
1500 211 990 30
1500 1017 1351 30
1500 119 1423 30
1500 892 906 30
1500 291 1140 30
1500 120 1279 30
1500 265 835 30
1500 791 1154 30
1500 294 950 30
1500 175 1201 30
1500 475 1210 30
1500 466 1075 30
1500 35 221 30
1500 1136 1343 30
1500 68 1069 30
1500 469 1190 30
1500 260 1277 30
1500 56 1075 30
1500 969 1338 30
1500 224 1237 30
1500 168 843 30
1500 729 837 30
1500 359 535 30
1500 1091 1367 30
1500 47 124 30
1500 630 1074 30
1500 794 882 30
1500 961 1307 30
1500 1080 1321 30
1500 367 427 30
1500 178 409 30
1500 628 1131 30
1500 1155 1224 30
1500 424 896 30
1500 378 690 30
1500 550 1263 30
1500 732 1404 30
1500 637 909 30
1500 56 803 30
1500 402 827 30
1500 893 1293 30
1500 431 1240 30
1500 282 1154 30
1500 562 1347 30
1500 132 266 30
1500 485 861 30
1500 171 753 30
1500 119 882 30
1500 1167 1214 30
1500 872 1150 30
1500 149 485 30
1500 1063 1136 30
1500 352 1442 30
1500 386 503 30
1500 132 975 30
1500 706 1173 30
1500 109 314 30
1500 300 651 30
1500 168 1437 30
1500 191 1250 30
1500 738 1010 30
1500 732 1469 30
1500 572 1350 30
1500 491 915 30
1500 120 568 30
1500 1237 1455 30
1500 242 1298 30
1500 499 1032 30
1500 1066 1358 30
1500 1038 1250 30
1500 1145 1433 30
1500 918 1371 30
1500 491 1278 30
1500 1122 1125 30
1500 187 1153 30
1500 48 894 30
1500 66 1230 30
1500 350 986 30
1500 111 971 30
1500 645 915 30
1500 141 719 30
1500 225 397 30
1500 377 623 30
