100
1500 269 628 22
1500 207 997 22
1500 1372 1398 22
1500 227 1444 22
1500 780 864 22
1500 421 960 22
1500 855 1175 22
1500 687 865 22
1500 774 1261 22
1500 17 526 22
1500 1051 1413 22
1500 748 939 22
1500 386 1158 22
1500 274 605 22
1500 174 742 22
1500 719 772 22
1500 357 1442 22
1500 643 818 22
1500 520 1351 22
1500 1139 1336 22
1500 1454 1477 22
1500 813 1070 22
1500 846 1376 22
1500 179 1151 22
1500 240 850 22
1500 599 937 22
1500 156 317 22
1500 1034 1496 22
1500 1079 1486 22
1500 75 184 22
1500 700 1353 22
1500 981 1445 22
1500 250 1199 22
1500 824 1170 22
1500 210 854 22
1500 684 1496 22
1500 636 849 22
1500 563 1369 22
1500 606 669 22
1500 161 1172 22
1500 1072 1440 22
1500 480 1464 22
1500 178 1394 22
1500 1302 1475 22
1500 780 873 22
1500 1042 1299 22
1500 351 901 22
1500 529 704 22
1500 371 955 22
1500 575 1150 22
1500 595 1262 22
1500 48 1342 22
1500 94 1474 22
1500 176 228 22
1500 478 814 22
1500 117 1076 22
1500 990 1272 22
1500 570 945 22
1500 151 450 22
1500 1012 1106 22
1500 804 1353 22
1500 808 822 22
1500 567 1446 22
1500 529 1064 22
1500 211 1466 22
1500 305 1494 22
1500 64 197 22
1500 1192 1274 22
1500 784 1490 22
1500 1196 1466 22
1500 463 706 22
1500 85 1053 22
1500 906 961 22
1500 154 330 22
1500 783 989 22
1500 305 779 22
1500 303 351 22
1500 1231 1352 22
1500 184 523 22
1500 19 1084 22
1500 60 750 22
1500 62 911 22
1500 179 1476 22
1500 207 1475 22
1500 206 562 22
1500 527 1460 22
1500 53 1163 22
1500 1144 1327 22
1500 476 1253 22
1500 33 472 22
1500 14 82 22
1500 573 1390 22
1500 10 1116 22
1500 658 947 22
1500 365 1339 22
1500 289 556 22
1500 367 1080 22
1500 569 1260 22
1500 549 1437 22
1500 674 1129 22
