100
1500 314 765 22
1500 413 719 22
1500 1230 1310 22
1500 730 765 22
1500 1150 1243 22
1500 389 1038 22
1500 359 1439 22
1500 954 1465 22
1500 852 1497 22
1500 379 692 22
1500 390 408 22
1500 839 848 22
1500 224 369 22
1500 389 682 22
1500 804 1152 22
1500 275 964 22
1500 283 1061 22
1500 44 220 22
1500 780 1033 22
1500 946 1406 22
1500 111 158 22
1500 730 1199 22
1500 53 1340 22
1500 258 397 22
1500 769 919 22
1500 1228 1417 22
1500 195 878 22
1500 668 1156 22
1500 137 1373 22
1500 6 410 22
1500 122 1240 22
1500 33 184 22
1500 16 166 22
1500 19 1045 22
1500 696 1117 22
1500 939 1228 22
1500 1049 1194 22
1500 848 1275 22
1500 792 894 22
1500 7 1397 22
1500 688 1464 22
1500 44 335 22
1500 36 1479 22
1500 138 482 22
1500 884 1415 22
1500 57 1101 22
1500 819 1100 22
1500 375 803 22
1500 268 649 22
1500 834 1146 22
1500 228 1256 22
1500 620 1455 22
1500 811 854 22
1500 338 354 22
1500 1041 1453 22
1500 1285 1295 22
1500 335 634 22
1500 196 381 22
1500 335 1324 22
1500 36 1145 22
1500 1015 1203 22
1500 445 1086 22
1500 30 200 22
1500 107 557 22
1500 504 979 22
1500 996 1069 22
1500 544 1106 22
1500 638 1447 22
1500 36 769 22
1500 659 999 22
1500 1058 1455 22
1500 585 1416 22
1500 541 1313 22
1500 1215 1323 22
1500 114 1077 22
1500 792 1357 22
1500 881 933 22
1500 305 1000 22
1500 972 1184 22
1500 1046 1350 22
1500 658 918 22
1500 245 1423 22
1500 237 958 22
1500 413 896 22
1500 243 673 22
1500 477 1326 22
1500 1215 1444 22
1500 1061 1191 22
1500 922 1287 22
1500 455 750 22
1500 789 992 22
1500 356 677 22
1500 1112 1134 22
1500 496 586 22
1500 711 1227 22
1500 474 652 22
1500 109 228 22
1500 30 1486 22
1500 344 1467 22
1500 101 290 22
