100
1500 327 491 22
1500 640 1362 22
1500 517 721 22
1500 789 1215 22
1500 161 419 22
1500 1214 1297 22
1500 690 1009 22
1500 270 930 22
1500 248 1465 22
1500 201 754 22
1500 1284 1296 22
1500 629 1371 22
1500 368 1336 22
1500 755 1112 22
1500 507 657 22
1500 1200 1286 22
1500 971 1134 22
1500 747 1104 22
1500 256 469 22
1500 222 1286 22
1500 853 1294 22
1500 330 1481 22
1500 195 1126 22
1500 347 462 22
1500 395 1430 22
1500 188 286 22
1500 608 1165 22
1500 252 1008 22
1500 220 1400 22
1500 994 1001 22
1500 485 580 22
1500 500 1492 22
1500 670 864 22
1500 400 1126 22
1500 325 1389 22
1500 37 1087 22
1500 1254 1420 22
1500 23 407 22
1500 662 695 22
1500 96 341 22
1500 512 812 22
1500 127 611 22
1500 885 1008 22
1500 131 433 22
1500 510 739 22
1500 467 517 22
1500 94 977 22
1500 396 1343 22
1500 218 1209 22
1500 353 910 22
1500 427 736 22
1500 818 942 22
1500 391 924 22
1500 91 946 22
1500 988 1421 22
1500 125 989 22
1500 1424 1467 22
1500 558 1217 22
1500 649 1463 22
1500 284 1357 22
1500 16 95 22
1500 271 670 22
1500 520 1277 22
1500 905 1060 22
1500 83 935 22
1500 833 1193 22
1500 166 1087 22
1500 324 1140 22
1500 365 1386 22
1500 77 602 22
1500 320 519 22
1500 68 366 22
1500 226 1393 22
1500 338 1221 22
1500 112 1274 22
1500 1060 1492 22
1500 702 736 22
1500 469 1113 22
1500 557 1256 22
1500 916 1439 22
1500 505 795 22
1500 726 960 22
1500 49 1032 22
1500 187 324 22
1500 230 1009 22
1500 549 1186 22
1500 602 622 22
1500 595 967 22
1500 93 1197 22
1500 97 763 22
1500 200 1287 22
1500 1086 1346 22
1500 185 468 22
1500 318 367 22
1500 251 387 22
1500 336 789 22
1500 1045 1332 22
1500 1089 1096 22
1500 345 920 22
1500 6 1385 22
