1000
1500 451 946 20
1500 350 1264 20
1500 892 958 20
1500 416 1357 20
1500 509 668 20
1500 177 1388 20
1500 268 1177 20
1500 758 1264 20
1500 241 279 20
1500 1188 1233 20
1500 90 1248 20
1500 540 1378 20
1500 86 1225 20
1500 405 1239 20
1500 292 857 20
1500 282 432 20
1500 63 1419 20
1500 219 955 20
1500 567 1070 20
1500 133 1384 20
1500 936 1047 20
1500 319 711 20
1500 54 816 20
1500 496 1365 20
1500 89 625 20
1500 319 347 20
1500 60 509 20
1500 255 721 20
1500 289 591 20
1500 147 742 20
1500 121 669 20
1500 794 1102 20
1500 148 734 20
1500 673 1068 20
1500 1210 1351 20
1500 301 323 20
1500 845 1136 20
1500 178 785 20
1500 488 930 20
1500 572 1278 20
1500 267 1269 20
1500 178 1272 20
1500 2 1340 20
1500 342 501 20
1500 114 784 20
1500 275 1137 20
1500 341 1043 20
1500 356 1119 20
1500 169 1481 20
1500 352 1360 20
1500 239 1393 20
1500 417 942 20
1500 196 494 20
1500 204 657 20
1500 602 1233 20
1500 330 642 20
1500 1256 1370 20
1500 1082 1180 20
1500 222 575 20
1500 226 340 20
1500 1131 1268 20
1500 380 391 20
1500 1196 1420 20
1500 235 408 20
1500 1020 1386 20
1500 25 1335 20
1500 536 1353 20
1500 248 1267 20
1500 104 559 20
1500 547 1097 20
1500 162 1080 20
1500 354 773 20
1500 550 1034 20
1500 98 638 20
1500 70 877 20
1500 89 985 20
1500 287 969 20
1500 529 1444 20
1500 820 1418 20
1500 649 1359 20
1500 1182 1192 20
1500 425 562 20
1500 758 1021 20
1500 1463 1497 20
1500 111 1250 20
1500 953 991 20
1500 905 1119 20
1500 1066 1333 20
1500 527 1390 20
1500 866 1399 20
1500 694 1176 20
1500 976 1308 20
1500 810 1100 20
1500 179 602 20
1500 328 1279 20
1500 241 693 20
1500 42 1463 20
1500 896 1414 20
1500 296 986 20
1500 482 871 20
1500 862 1071 20
1500 591 761 20
1500 42 428 20
1500 674 1453 20
1500 956 1247 20
1500 136 1288 20
1500 996 1183 20
1500 222 340 20
1500 146 952 20
1500 85 291 20
1500 836 1040 20
1500 77 356 20
1500 62 171 20
1500 367 593 20
1500 668 780 20
1500 513 527 20
1500 1017 1229 20
1500 1037 1101 20
1500 72 103 20
1500 752 1317 20
1500 1127 1189 20
1500 605 638 20
1500 253 1408 20
1500 130 599 20
1500 83 120 20
1500 601 1289 20
1500 539 1269 20
1500 165 608 20
1500 154 1294 20
1500 108 1252 20
1500 624 1340 20
1500 1095 1488 20
1500 442 717 20
1500 429 634 20
1500 120 141 20
1500 513 1186 20
1500 504 966 20
1500 745 921 20
1500 307 527 20
1500 600 689 20
1500 86 318 20
1500 43 1132 20
1500 356 874 20
1500 62 576 20
1500 1298 1349 20
1500 153 429 20
1500 809 936 20
1500 78 618 20
1500 153 751 20
1500 27 1009 20
1500 68 1194 20
1500 3 174 20
1500 333 646 20
1500 16 1374 20
1500 437 1415 20
1500 618 847 20
1500 242 707 20
1500 753 977 20
1500 1191 1346 20
1500 454 709 20
1500 337 1130 20
1500 389 532 20
1500 58 827 20
1500 1065 1280 20
1500 346 1203 20
1500 565 1422 20
1500 66 906 20
1500 872 1245 20
1500 517 1443 20
1500 358 1211 20
1500 64 841 20
1500 395 809 20
1500 518 1403 20
1500 809 1076 20
1500 27 1204 20
1500 1005 1468 20
1500 1120 1381 20
1500 755 1059 20
1500 4 1234 20
1500 302 612 20
1500 165 492 20
1500 1039 1226 20
1500 1004 1057 20
1500 680 974 20
1500 455 1410 20
1500 104 1435 20
1500 329 1490 20
1500 409 1453 20
1500 271 1435 20
1500 1287 1488 20
1500 491 1118 20
1500 310 1299 20
1500 201 359 20
1500 379 614 20
1500 1106 1160 20
1500 1004 1274 20
1500 238 999 20
1500 53 1349 20
1500 468 759 20
1500 258 1242 20
1500 135 347 20
1500 488 1100 20
1500 190 998 20
1500 1090 1199 20
1500 892 934 20
1500 1102 1225 20
1500 381 930 20
1500 695 1402 20
1500 66 113 20
1500 998 1109 20
1500 1290 1473 20
1500 486 772 20
1500 141 884 20
1500 291 395 20
1500 587 957 20
1500 996 1430 20
1500 786 880 20
1500 75 113 20
1500 562 1411 20
1500 200 817 20
1500 227 379 20
1500 292 630 20
1500 542 1032 20
1500 96 250 20
1500 161 1373 20
1500 470 518 20
1500 722 835 20
1500 140 418 20
1500 1166 1231 20
1500 446 1107 20
1500 1224 1425 20
1500 1138 1216 20
1500 1009 1370 20
1500 140 659 20
1500 303 406 20
1500 220 542 20
1500 247 655 20
1500 102 949 20
1500 337 566 20
1500 47 1044 20
1500 263 301 20
1500 700 1222 20
1500 97 289 20
1500 341 371 20
1500 554 976 20
1500 57 333 20
1500 213 772 20
1500 293 665 20
1500 197 914 20
1500 416 1417 20
1500 210 1018 20
1500 44 1220 20
1500 334 644 20
1500 547 758 20
1500 789 1421 20
1500 1086 1328 20
1500 241 377 20
1500 1029 1379 20
1500 617 864 20
1500 353 1241 20
1500 27 1175 20
1500 208 670 20
1500 388 707 20
1500 543 752 20
1500 295 1164 20
1500 284 1333 20
1500 90 141 20
1500 551 824 20
1500 146 947 20
1500 294 819 20
1500 79 1092 20
1500 1390 1492 20
1500 369 672 20
1500 695 1479 20
1500 286 696 20
1500 167 1439 20
1500 26 967 20
1500 528 1246 20
1500 500 590 20
1500 1079 1098 20
1500 823 1032 20
1500 100 1405 20
1500 57 399 20
1500 673 1262 20
1500 1213 1473 20
1500 552 1343 20
1500 479 854 20
1500 644 1371 20
1500 257 1289 20
1500 906 1221 20
1500 636 888 20
1500 872 1422 20
1500 404 917 20
1500 456 1168 20
1500 395 1025 20
1500 1151 1180 20
1500 846 954 20
1500 808 1152 20
1500 725 1287 20
1500 1176 1363 20
1500 680 1469 20
1500 61 1232 20
1500 479 834 20
1500 325 1226 20
1500 358 599 20
1500 110 1250 20
1500 705 911 20
1500 66 1128 20
1500 763 1405 20
1500 685 976 20
1500 20 347 20
1500 229 283 20
1500 871 989 20
1500 260 440 20
1500 119 1454 20
1500 905 992 20
1500 274 1050 20
1500 1370 1492 20
1500 325 471 20
1500 471 947 20
1500 342 781 20
1500 797 1420 20
1500 919 1183 20
1500 489 808 20
1500 925 1467 20
1500 148 1153 20
1500 987 1029 20
1500 1007 1074 20
1500 312 1395 20
1500 683 1254 20
1500 103 1281 20
1500 491 1016 20
1500 205 1074 20
1500 439 1205 20
1500 166 597 20
1500 217 772 20
1500 506 994 20
1500 514 1150 20
1500 862 1265 20
1500 743 1297 20
1500 990 1389 20
1500 94 354 20
1500 829 994 20
1500 936 1222 20
1500 986 1098 20
1500 568 919 20
1500 558 1431 20
1500 323 1428 20
1500 200 1059 20
1500 398 1205 20
1500 964 1377 20
1500 262 1135 20
1500 99 1247 20
1500 701 1283 20
1500 455 982 20
1500 390 889 20
1500 715 1138 20
1500 183 702 20
1500 245 1495 20
1500 270 814 20
1500 83 444 20
1500 66 1364 20
1500 440 864 20
1500 544 1451 20
1500 399 1067 20
1500 244 708 20
1500 670 1284 20
1500 91 259 20
1500 968 1051 20
1500 615 1197 20
1500 55 794 20
1500 203 1193 20
1500 503 874 20
1500 385 805 20
1500 358 1305 20
1500 1266 1314 20
1500 1206 1245 20
1500 177 1150 20
1500 398 915 20
1500 359 701 20
1500 69 1248 20
1500 407 418 20
1500 78 477 20
1500 928 1224 20
1500 4 1445 20
1500 207 1327 20
1500 96 187 20
1500 654 1496 20
1500 368 476 20
1500 611 743 20
1500 640 1343 20
1500 85 1303 20
1500 471 594 20
1500 72 818 20
1500 801 1267 20
1500 227 1491 20
1500 289 899 20
1500 677 1358 20
1500 657 889 20
1500 1095 1392 20
1500 221 946 20
1500 313 909 20
1500 54 332 20
1500 812 1244 20
1500 1076 1410 20
1500 511 541 20
1500 1214 1448 20
1500 92 1077 20
1500 217 704 20
1500 501 516 20
1500 184 1040 20
1500 365 1328 20
1500 332 798 20
1500 1305 1352 20
1500 116 636 20
1500 255 734 20
1500 229 1006 20
1500 9 1430 20
1500 835 1453 20
1500 459 587 20
1500 851 1486 20
1500 1001 1179 20
1500 475 1359 20
1500 478 1092 20
1500 326 1306 20
1500 413 481 20
1500 150 589 20
1500 48 1112 20
1500 750 942 20
1500 105 573 20
1500 62 413 20
1500 616 634 20
1500 1246 1310 20
1500 637 753 20
1500 594 1481 20
1500 1222 1321 20
1500 734 1261 20
1500 23 1102 20
1500 435 1394 20
1500 1 888 20
1500 731 1187 20
1500 749 1306 20
1500 922 1213 20
1500 41 1439 20
1500 478 549 20
1500 348 456 20
1500 382 599 20
1500 274 605 20
1500 746 923 20
1500 210 561 20
1500 133 575 20
1500 44 603 20
1500 870 1064 20
1500 761 1386 20
1500 206 1211 20
1500 652 1061 20
1500 696 873 20
1500 1147 1442 20
1500 289 1020 20
1500 400 870 20
1500 1045 1113 20
1500 101 1330 20
1500 338 834 20
1500 102 1231 20
1500 598 1012 20
1500 322 1178 20
1500 339 1376 20
1500 376 774 20
1500 436 488 20
1500 1045 1457 20
1500 465 902 20
1500 515 1190 20
1500 151 1289 20
1500 298 674 20
1500 626 1295 20
1500 88 704 20
1500 100 307 20
1500 1461 1475 20
1500 380 640 20
1500 1369 1455 20
1500 318 1201 20
1500 563 575 20
1500 565 1163 20
1500 498 826 20
1500 26 1316 20
1500 1300 1394 20
1500 217 870 20
1500 527 796 20
1500 1005 1181 20
1500 172 488 20
1500 466 1304 20
1500 58 742 20
1500 50 315 20
1500 538 578 20
1500 482 1085 20
1500 434 1350 20
1500 41 866 20
1500 874 1368 20
1500 16 1431 20
1500 1049 1351 20
1500 190 1137 20
1500 180 897 20
1500 1182 1371 20
1500 383 1126 20
1500 563 810 20
1500 440 1360 20
1500 4 991 20
1500 138 553 20
1500 605 958 20
1500 380 1107 20
1500 655 801 20
1500 831 998 20
1500 63 988 20
1500 712 1366 20
1500 596 1008 20
1500 82 938 20
1500 429 1269 20
1500 767 797 20
1500 690 1315 20
1500 30 1255 20
1500 214 1345 20
1500 460 759 20
1500 756 1200 20
1500 1282 1378 20
1500 439 822 20
1500 293 1456 20
1500 1015 1116 20
1500 1307 1487 20
1500 36 332 20
1500 391 447 20
1500 554 1248 20
1500 329 1025 20
1500 178 817 20
1500 16 929 20
1500 274 1084 20
1500 502 1262 20
1500 154 791 20
1500 792 976 20
1500 6 226 20
1500 440 1106 20
1500 1396 1462 20
1500 95 1495 20
1500 18 85 20
1500 809 855 20
1500 893 910 20
1500 87 842 20
1500 365 386 20
1500 271 873 20
1500 833 1340 20
1500 403 598 20
1500 586 1172 20
1500 436 437 20
1500 918 1346 20
1500 1005 1175 20
1500 29 1328 20
1500 968 1172 20
1500 441 1383 20
1500 189 193 20
1500 538 1184 20
1500 269 1411 20
1500 693 950 20
1500 316 664 20
1500 729 1424 20
1500 51 1448 20
1500 1056 1390 20
1500 1476 1489 20
1500 50 1204 20
1500 699 932 20
1500 645 704 20
1500 15 393 20
1500 368 944 20
1500 298 658 20
1500 142 783 20
1500 537 911 20
1500 37 1437 20
1500 378 422 20
1500 84 156 20
1500 380 420 20
1500 874 1015 20
1500 62 273 20
1500 769 1171 20
1500 45 437 20
1500 1072 1130 20
1500 917 984 20
1500 10 865 20
1500 917 1241 20
1500 345 1425 20
1500 124 297 20
1500 603 1200 20
1500 615 718 20
1500 693 1151 20
1500 913 952 20
1500 170 1145 20
1500 134 1254 20
1500 20 815 20
1500 203 693 20
1500 473 1031 20
1500 743 1484 20
1500 845 942 20
1500 11 1063 20
1500 956 1089 20
1500 728 1023 20
1500 366 478 20
1500 276 1441 20
1500 683 1409 20
1500 4 1225 20
1500 5 148 20
1500 808 931 20
1500 124 1234 20
1500 202 792 20
1500 448 1060 20
1500 453 1048 20
1500 774 1128 20
1500 161 357 20
1500 11 219 20
1500 526 924 20
1500 783 1151 20
1500 371 660 20
1500 76 877 20
1500 527 688 20
1500 666 975 20
1500 228 393 20
1500 291 835 20
1500 421 1049 20
1500 492 542 20
1500 1175 1345 20
1500 41 644 20
1500 410 889 20
1500 744 1215 20
1500 89 540 20
1500 79 579 20
1500 356 1431 20
1500 338 1118 20
1500 78 1215 20
1500 189 1355 20
1500 107 627 20
1500 698 792 20
1500 146 956 20
1500 721 732 20
1500 891 1362 20
1500 336 1398 20
1500 186 398 20
1500 459 1061 20
1500 75 1244 20
1500 150 850 20
1500 1003 1316 20
1500 567 1166 20
1500 300 1028 20
1500 296 1257 20
1500 288 695 20
1500 1051 1386 20
1500 756 1022 20
1500 328 759 20
1500 99 964 20
1500 145 355 20
1500 587 1259 20
1500 306 415 20
1500 237 557 20
1500 432 1339 20
1500 174 366 20
1500 695 1366 20
1500 254 741 20
1500 286 360 20
1500 196 1004 20
1500 775 1499 20
1500 728 839 20
1500 783 968 20
1500 843 1228 20
1500 1014 1433 20
1500 241 531 20
1500 676 1483 20
1500 116 232 20
1500 835 1493 20
1500 323 854 20
1500 283 671 20
1500 554 874 20
1500 459 1178 20
1500 41 1049 20
1500 812 952 20
1500 76 739 20
1500 546 726 20
1500 798 1097 20
1500 1071 1409 20
1500 297 1260 20
1500 657 731 20
1500 256 957 20
1500 125 307 20
1500 1100 1282 20
1500 491 732 20
1500 347 359 20
1500 131 332 20
1500 134 237 20
1500 1155 1211 20
1500 193 527 20
1500 309 643 20
1500 1338 1402 20
1500 228 501 20
1500 368 701 20
1500 251 1395 20
1500 441 1386 20
1500 130 430 20
1500 269 830 20
1500 581 771 20
1500 904 1086 20
1500 752 1389 20
1500 320 489 20
1500 262 1461 20
1500 857 1112 20
1500 296 1422 20
1500 104 1045 20
1500 6 1245 20
1500 121 1137 20
1500 435 1498 20
1500 140 739 20
1500 674 936 20
1500 105 1393 20
1500 615 873 20
1500 504 852 20
1500 1144 1177 20
1500 11 1187 20
1500 318 874 20
1500 510 930 20
1500 387 1176 20
1500 95 722 20
1500 119 311 20
1500 115 782 20
1500 181 942 20
1500 442 1431 20
1500 46 1427 20
1500 654 1444 20
1500 862 1242 20
1500 88 515 20
1500 258 1434 20
1500 93 198 20
1500 37 275 20
1500 626 1325 20
1500 383 828 20
1500 180 677 20
1500 458 1356 20
1500 1149 1237 20
1500 784 1130 20
1500 73 1095 20
1500 147 866 20
1500 1332 1404 20
1500 709 1369 20
1500 462 1155 20
1500 602 790 20
1500 655 969 20
1500 545 1056 20
1500 439 1334 20
1500 272 593 20
1500 132 548 20
1500 103 1374 20
1500 312 374 20
1500 681 994 20
1500 425 1246 20
1500 659 883 20
1500 1093 1292 20
1500 12 580 20
1500 91 665 20
1500 84 654 20
1500 697 1186 20
1500 856 950 20
1500 265 465 20
1500 114 1327 20
1500 465 817 20
1500 22 1334 20
1500 205 798 20
1500 583 952 20
1500 993 1131 20
1500 551 1095 20
1500 543 543 20
1500 199 1431 20
1500 469 1421 20
1500 217 726 20
1500 166 1127 20
1500 195 391 20
1500 491 732 20
1500 14 36 20
1500 770 1075 20
1500 1080 1428 20
1500 200 586 20
1500 527 1201 20
1500 31 419 20
1500 548 1451 20
1500 275 1391 20
1500 957 1410 20
1500 603 622 20
1500 69 420 20
1500 879 898 20
1500 838 1068 20
1500 1078 1277 20
1500 135 1080 20
1500 6 1449 20
1500 809 818 20
1500 254 823 20
1500 1108 1328 20
1500 371 1102 20
1500 127 672 20
1500 99 748 20
1500 241 375 20
1500 752 1199 20
1500 739 1002 20
1500 176 1497 20
1500 593 712 20
1500 373 454 20
1500 261 903 20
1500 634 1340 20
1500 17 946 20
1500 75 539 20
1500 521 590 20
1500 24 658 20
1500 65 90 20
1500 20 1194 20
1500 153 726 20
1500 483 913 20
1500 495 911 20
1500 710 1130 20
1500 663 1079 20
1500 91 1376 20
1500 151 1141 20
1500 1117 1119 20
1500 460 806 20
1500 322 1009 20
1500 1101 1262 20
1500 577 1269 20
1500 1010 1202 20
1500 18 1189 20
1500 237 502 20
1500 273 525 20
1500 93 1328 20
1500 261 261 20
1500 461 1027 20
1500 1239 1403 20
1500 1217 1299 20
1500 467 1393 20
1500 779 1297 20
1500 6 682 20
1500 9 291 20
1500 706 1152 20
1500 128 690 20
1500 270 1129 20
1500 36 103 20
1500 170 411 20
1500 20 270 20
1500 97 709 20
1500 1 1444 20
1500 401 1469 20
1500 144 638 20
1500 738 922 20
1500 288 384 20
1500 145 1346 20
1500 178 1329 20
1500 918 1400 20
1500 730 953 20
1500 663 1481 20
1500 335 1236 20
1500 266 1056 20
1500 223 517 20
1500 636 852 20
1500 1006 1207 20
1500 35 661 20
1500 449 590 20
1500 65 968 20
1500 1153 1194 20
1500 1209 1363 20
1500 264 425 20
1500 727 1060 20
1500 344 1270 20
1500 21 696 20
1500 716 992 20
1500 181 1078 20
1500 311 1151 20
1500 705 1023 20
1500 1168 1226 20
1500 59 469 20
1500 1016 1072 20
1500 376 505 20
1500 1173 1223 20
1500 1179 1347 20
1500 284 1261 20
1500 765 1051 20
1500 218 1204 20
1500 686 869 20
1500 685 772 20
1500 390 531 20
1500 737 925 20
1500 1023 1435 20
1500 979 1355 20
1500 623 754 20
1500 499 588 20
1500 378 876 20
1500 251 472 20
1500 518 1279 20
1500 734 1003 20
1500 267 581 20
1500 59 975 20
1500 1357 1421 20
1500 467 1052 20
1500 573 1020 20
1500 64 296 20
1500 241 1415 20
1500 154 1089 20
1500 154 332 20
1500 90 1343 20
1500 189 827 20
1500 241 1129 20
1500 546 1157 20
1500 336 1497 20
1500 363 1129 20
1500 20 372 20
1500 179 271 20
1500 1162 1418 20
1500 101 1161 20
1500 1431 1468 20
1500 931 984 20
1500 617 742 20
1500 199 667 20
1500 36 142 20
1500 205 299 20
1500 82 1262 20
1500 653 890 20
1500 1000 1399 20
1500 322 780 20
1500 85 547 20
1500 1017 1289 20
1500 713 1313 20
1500 237 501 20
1500 860 885 20
1500 763 1336 20
1500 84 1068 20
1500 965 1257 20
1500 922 1296 20
1500 64 152 20
1500 613 1185 20
1500 297 824 20
1500 429 450 20
1500 404 705 20
1500 765 864 20
1500 175 1182 20
1500 316 923 20
1500 460 730 20
1500 217 652 20
1500 330 469 20
1500 423 1310 20
1500 385 1341 20
1500 486 650 20
1500 38 361 20
1500 96 1208 20
1500 1081 1471 20
1500 21 447 20
1500 615 825 20
1500 576 950 20
1500 123 194 20
1500 48 537 20
1500 174 1460 20
1500 147 622 20
1500 1018 1372 20
1500 135 855 20
1500 733 974 20
1500 556 958 20
1500 1216 1391 20
1500 220 357 20
1500 1070 1478 20
1500 44 546 20
1500 674 733 20
1500 157 804 20
1500 956 1251 20
1500 534 1271 20
1500 193 762 20
1500 1228 1436 20
1500 636 839 20
1500 638 1377 20
1500 710 818 20
1500 845 913 20
1500 35 155 20
1500 726 1201 20
1500 1070 1322 20
1500 400 1336 20
1500 720 1273 20
1500 690 1390 20
1500 231 837 20
1500 938 1373 20
1500 419 1009 20
1500 738 1369 20
1500 83 1415 20
1500 1021 1039 20
1500 249 433 20
1500 378 620 20
1500 960 1257 20
1500 457 722 20
1500 866 1126 20
1500 68 544 20
1500 589 822 20
1500 33 980 20
1500 904 1108 20
1500 210 672 20
1500 61 144 20
1500 635 756 20
1500 1234 1324 20
