1000
1500 424 461 20
1500 407 418 20
1500 634 673 20
1500 75 753 20
1500 1008 1492 20
1500 20 1233 20
1500 48 1148 20
1500 736 805 20
1500 391 519 20
1500 226 725 20
1500 68 1422 20
1500 387 584 20
1500 494 498 20
1500 130 294 20
1500 503 976 20
1500 667 1156 20
1500 88 1041 20
1500 1142 1482 20
1500 1238 1343 20
1500 354 446 20
1500 59 966 20
1500 619 783 20
1500 581 1330 20
1500 332 1154 20
1500 112 763 20
1500 538 1067 20
1500 623 1046 20
1500 83 470 20
1500 788 1473 20
1500 299 1224 20
1500 1040 1085 20
1500 553 1348 20
1500 678 1219 20
1500 819 862 20
1500 582 838 20
1500 333 808 20
1500 489 690 20
1500 1349 1402 20
1500 107 1497 20
1500 241 1113 20
1500 180 1137 20
1500 1121 1205 20
1500 515 536 20
1500 988 1197 20
1500 264 739 20
1500 645 869 20
1500 289 660 20
1500 818 819 20
1500 384 1301 20
1500 939 984 20
1500 159 339 20
1500 484 1416 20
1500 572 980 20
1500 143 1267 20
1500 68 88 20
1500 1041 1341 20
1500 142 666 20
1500 267 1193 20
1500 83 1255 20
1500 589 898 20
1500 499 1386 20
1500 693 734 20
1500 1119 1405 20
1500 786 1093 20
1500 174 468 20
1500 616 799 20
1500 1 1014 20
1500 514 682 20
1500 373 626 20
1500 1375 1494 20
1500 209 960 20
1500 190 802 20
1500 988 1459 20
1500 843 917 20
1500 825 1135 20
1500 675 1279 20
1500 199 745 20
1500 404 768 20
1500 76 981 20
1500 583 730 20
1500 940 1343 20
1500 173 395 20
1500 72 323 20
1500 421 1248 20
1500 270 556 20
1500 657 1495 20
1500 561 1252 20
1500 45 1202 20
1500 236 359 20
1500 794 1298 20
1500 165 475 20
1500 51 139 20
1500 242 589 20
1500 834 1466 20
1500 474 1398 20
1500 273 1036 20
1500 389 655 20
1500 79 656 20
1500 375 1248 20
1500 179 1317 20
1500 341 1332 20
1500 768 1033 20
1500 240 1240 20
1500 839 1212 20
1500 776 1326 20
1500 94 1137 20
1500 926 1133 20
1500 297 718 20
1500 2 296 20
1500 17 955 20
1500 297 901 20
1500 66 312 20
1500 1118 1344 20
1500 48 1066 20
1500 300 615 20
1500 439 1325 20
1500 781 1123 20
1500 80 1087 20
1500 1150 1439 20
1500 998 1224 20
1500 968 1114 20
1500 497 600 20
1500 169 594 20
1500 441 881 20
1500 321 573 20
1500 259 268 20
1500 219 731 20
1500 853 1055 20
1500 343 917 20
1500 871 1209 20
1500 537 1009 20
1500 105 368 20
1500 420 1224 20
1500 692 1351 20
1500 162 1425 20
1500 1085 1132 20
1500 588 854 20
1500 334 421 20
1500 398 1325 20
1500 955 1227 20
1500 965 1157 20
1500 742 1171 20
1500 332 1472 20
1500 476 1457 20
1500 400 1363 20
1500 153 1001 20
1500 663 851 20
1500 30 471 20
1500 634 1446 20
1500 480 587 20
1500 300 886 20
1500 1312 1330 20
1500 264 1087 20
1500 982 1431 20
1500 843 893 20
1500 161 615 20
1500 191 323 20
1500 232 794 20
1500 365 1100 20
1500 439 687 20
1500 737 1477 20
1500 272 923 20
1500 112 237 20
1500 244 353 20
1500 103 522 20
1500 422 1401 20
1500 1200 1417 20
1500 357 887 20
1500 780 957 20
1500 294 1092 20
1500 438 891 20
1500 13 1450 20
1500 519 1112 20
1500 353 714 20
1500 606 863 20
1500 849 1424 20
1500 308 1150 20
1500 53 190 20
1500 189 417 20
1500 68 395 20
1500 1192 1490 20
1500 48 954 20
1500 159 417 20
1500 820 1328 20
1500 51 1235 20
1500 5 396 20
1500 117 1167 20
1500 666 813 20
1500 565 1495 20
1500 354 866 20
1500 208 294 20
1500 555 1050 20
1500 983 1078 20
1500 411 572 20
1500 1025 1309 20
1500 430 671 20
1500 907 1348 20
1500 489 1183 20
1500 196 657 20
1500 513 1144 20
1500 1061 1119 20
1500 894 1439 20
1500 860 1088 20
1500 588 1081 20
1500 249 364 20
1500 593 1378 20
1500 125 729 20
1500 858 1337 20
1500 775 1346 20
1500 957 1249 20
1500 107 769 20
1500 1315 1419 20
1500 20 516 20
1500 1176 1369 20
1500 456 508 20
1500 678 969 20
1500 538 1125 20
1500 156 808 20
1500 134 1029 20
1500 124 1164 20
1500 422 1477 20
1500 192 1335 20
1500 1005 1300 20
1500 334 459 20
1500 818 1139 20
1500 66 818 20
1500 332 969 20
1500 617 1071 20
1500 27 1488 20
1500 870 1376 20
1500 892 1025 20
1500 95 811 20
1500 16 1489 20
1500 747 1135 20
1500 83 411 20
1500 810 1463 20
1500 548 1237 20
1500 649 1280 20
1500 194 431 20
1500 134 396 20
1500 404 586 20
1500 333 1302 20
1500 144 828 20
1500 753 1182 20
1500 761 945 20
1500 476 566 20
1500 538 980 20
1500 787 1152 20
1500 385 1283 20
1500 63 1400 20
1500 165 668 20
1500 55 1343 20
1500 59 609 20
1500 54 813 20
1500 2 150 20
1500 852 1056 20
1500 574 754 20
1500 8 671 20
1500 583 965 20
1500 487 1104 20
1500 560 789 20
1500 251 1059 20
1500 755 1109 20
1500 318 736 20
1500 158 1286 20
1500 1324 1493 20
1500 108 696 20
1500 570 784 20
1500 123 812 20
1500 383 1325 20
1500 390 1288 20
1500 334 741 20
1500 524 1349 20
1500 917 1435 20
1500 372 1240 20
1500 221 661 20
1500 428 1319 20
1500 575 1298 20
1500 706 807 20
1500 943 1258 20
1500 1164 1183 20
1500 327 1474 20
1500 564 1488 20
1500 776 1426 20
1500 842 1161 20
1500 945 1484 20
1500 24 1033 20
1500 597 995 20
1500 20 39 20
1500 202 767 20
1500 601 1241 20
1500 343 633 20
1500 200 231 20
1500 398 729 20
1500 148 399 20
1500 112 1170 20
1500 10 1181 20
1500 154 963 20
1500 892 1095 20
1500 457 695 20
1500 547 1500 20
1500 35 1346 20
1500 845 1294 20
1500 510 651 20
1500 1310 1499 20
1500 830 1354 20
1500 531 1147 20
1500 628 1297 20
1500 920 1071 20
1500 180 1468 20
1500 695 922 20
1500 1126 1411 20
1500 60 756 20
1500 162 213 20
1500 78 967 20
1500 1246 1345 20
1500 324 447 20
1500 95 1001 20
1500 39 1261 20
1500 307 1254 20
1500 174 402 20
1500 89 173 20
1500 395 658 20
1500 444 1171 20
1500 374 1333 20
1500 20 602 20
1500 355 701 20
1500 463 653 20
1500 814 1203 20
1500 1194 1372 20
1500 484 936 20
1500 691 789 20
1500 146 1225 20
1500 247 1236 20
1500 648 759 20
1500 144 637 20
1500 55 285 20
1500 38 646 20
1500 714 944 20
1500 112 271 20
1500 593 635 20
1500 14 432 20
1500 966 1068 20
1500 357 961 20
1500 752 1403 20
1500 402 1186 20
1500 247 823 20
1500 102 1125 20
1500 633 1475 20
1500 150 1176 20
1500 703 1422 20
1500 180 1047 20
1500 1148 1156 20
1500 156 846 20
1500 1243 1434 20
1500 539 1169 20
1500 647 1243 20
1500 1028 1030 20
1500 238 705 20
1500 487 1326 20
1500 895 953 20
1500 511 670 20
1500 435 544 20
1500 233 1113 20
1500 507 1459 20
1500 216 1067 20
1500 910 966 20
1500 1008 1330 20
1500 534 1201 20
1500 284 1163 20
1500 219 444 20
1500 1256 1386 20
1500 493 1330 20
1500 128 749 20
1500 537 701 20
1500 204 981 20
1500 226 252 20
1500 726 807 20
1500 424 698 20
1500 33 1234 20
1500 117 534 20
1500 261 739 20
1500 401 445 20
1500 158 1112 20
1500 143 252 20
1500 1368 1491 20
1500 485 1066 20
1500 15 939 20
1500 1165 1487 20
1500 774 1390 20
1500 583 980 20
1500 682 944 20
1500 195 489 20
1500 754 1420 20
1500 714 790 20
1500 1200 1325 20
1500 95 914 20
1500 93 527 20
1500 83 1359 20
1500 499 825 20
1500 542 1262 20
1500 86 941 20
1500 249 897 20
1500 466 552 20
1500 296 1235 20
1500 131 691 20
1500 403 527 20
1500 152 589 20
1500 995 1140 20
1500 235 1378 20
1500 1112 1275 20
1500 730 1106 20
1500 350 1417 20
1500 192 347 20
1500 33 408 20
1500 134 274 20
1500 868 1373 20
1500 203 1143 20
1500 706 1269 20
1500 537 1051 20
1500 462 479 20
1500 893 1042 20
1500 46 1459 20
1500 398 611 20
1500 334 1425 20
1500 182 1449 20
1500 626 1243 20
1500 741 1320 20
1500 883 907 20
1500 566 1196 20
1500 204 567 20
1500 401 672 20
1500 1029 1253 20
1500 258 1026 20
1500 1309 1481 20
1500 144 952 20
1500 306 678 20
1500 485 907 20
1500 337 981 20
1500 680 910 20
1500 405 1069 20
1500 350 1375 20
1500 463 967 20
1500 98 1033 20
1500 630 732 20
1500 77 1324 20
1500 120 1338 20
1500 132 919 20
1500 59 1205 20
1500 119 979 20
1500 337 875 20
1500 866 948 20
1500 185 1479 20
1500 369 1195 20
1500 1150 1437 20
1500 1083 1402 20
1500 1356 1410 20
1500 561 1206 20
1500 108 1309 20
1500 526 1438 20
1500 878 1183 20
1500 940 1075 20
1500 109 879 20
1500 783 1363 20
1500 120 394 20
1500 584 959 20
1500 791 1489 20
1500 167 793 20
1500 94 613 20
1500 1251 1412 20
1500 33 1068 20
1500 756 885 20
1500 706 1137 20
1500 248 256 20
1500 212 726 20
1500 1117 1427 20
1500 305 460 20
1500 420 816 20
1500 668 1241 20
1500 1137 1243 20
1500 392 997 20
1500 114 977 20
1500 230 1136 20
1500 171 693 20
1500 933 1170 20
1500 838 1208 20
1500 476 1425 20
1500 1 1311 20
1500 34 673 20
1500 16 848 20
1500 210 1348 20
1500 316 459 20
1500 904 1437 20
1500 242 402 20
1500 510 981 20
1500 244 598 20
1500 94 910 20
1500 270 1321 20
1500 328 703 20
1500 142 1087 20
1500 375 1420 20
1500 493 755 20
1500 546 1209 20
1500 189 809 20
1500 625 1463 20
1500 801 1314 20
1500 396 1007 20
1500 11 688 20
1500 227 1191 20
1500 104 592 20
1500 256 1048 20
1500 241 333 20
1500 970 1301 20
1500 175 592 20
1500 318 1116 20
1500 586 1086 20
1500 798 1067 20
1500 589 789 20
1500 1350 1413 20
1500 623 1351 20
1500 297 713 20
1500 755 1415 20
1500 507 1357 20
1500 68 204 20
1500 48 566 20
1500 1024 1199 20
1500 491 1185 20
1500 790 1432 20
1500 324 1467 20
1500 201 320 20
1500 522 1438 20
1500 683 1036 20
1500 685 857 20
1500 414 845 20
1500 540 1209 20
1500 402 631 20
1500 1271 1288 20
1500 290 1099 20
1500 352 1234 20
1500 285 1005 20
1500 720 932 20
1500 336 1366 20
1500 78 348 20
1500 916 933 20
1500 383 416 20
1500 104 727 20
1500 568 1451 20
1500 579 1162 20
1500 599 1328 20
1500 799 1489 20
1500 974 1057 20
1500 1276 1456 20
1500 90 119 20
1500 323 648 20
1500 50 930 20
1500 154 577 20
1500 779 891 20
1500 495 1025 20
1500 1136 1302 20
1500 6 847 20
1500 835 1348 20
1500 70 587 20
1500 503 1015 20
1500 454 1329 20
1500 396 646 20
1500 210 365 20
1500 638 1116 20
1500 645 971 20
1500 334 502 20
1500 124 635 20
1500 867 1113 20
1500 593 1351 20
1500 708 1164 20
1500 641 801 20
1500 249 1303 20
1500 1171 1447 20
1500 105 559 20
1500 584 1178 20
1500 563 1091 20
1500 263 740 20
1500 259 709 20
1500 558 712 20
1500 562 962 20
1500 761 1309 20
1500 770 1001 20
1500 1069 1175 20
1500 1225 1288 20
1500 952 1243 20
1500 71 651 20
1500 721 886 20
1500 415 1258 20
1500 438 1126 20
1500 679 1274 20
1500 516 806 20
1500 296 1058 20
1500 70 934 20
1500 877 1442 20
1500 1006 1499 20
1500 304 1436 20
1500 552 569 20
1500 1307 1496 20
1500 382 442 20
1500 560 1245 20
1500 580 738 20
1500 88 1357 20
1500 85 482 20
1500 133 1063 20
1500 758 1303 20
1500 402 1352 20
1500 56 405 20
1500 133 238 20
1500 673 1022 20
1500 388 1309 20
1500 122 1396 20
1500 229 1101 20
1500 447 1030 20
1500 58 796 20
1500 280 994 20
1500 155 1149 20
1500 424 712 20
1500 554 971 20
1500 365 1385 20
1500 727 819 20
1500 468 650 20
1500 361 511 20
1500 365 1011 20
1500 76 843 20
1500 552 1183 20
1500 24 445 20
1500 806 1122 20
1500 185 1494 20
1500 699 1489 20
1500 576 962 20
1500 1249 1500 20
1500 742 1047 20
1500 409 666 20
1500 101 907 20
1500 6 759 20
1500 431 1439 20
1500 118 507 20
1500 294 1468 20
1500 502 1172 20
1500 174 563 20
1500 525 1260 20
1500 395 898 20
1500 237 560 20
1500 307 1463 20
1500 888 1323 20
1500 1326 1436 20
1500 959 1389 20
1500 481 1283 20
1500 217 1187 20
1500 90 1275 20
1500 727 1064 20
1500 754 1163 20
1500 1267 1345 20
1500 385 1095 20
1500 732 1376 20
1500 19 343 20
1500 258 766 20
1500 1375 1446 20
1500 266 958 20
1500 731 1045 20
1500 939 981 20
1500 455 1204 20
1500 666 1038 20
1500 846 1113 20
1500 233 1140 20
1500 366 1063 20
1500 128 1061 20
1500 414 940 20
1500 501 1489 20
1500 1146 1162 20
1500 35 769 20
1500 864 1457 20
1500 139 834 20
1500 93 873 20
1500 149 415 20
1500 273 1159 20
1500 1028 1498 20
1500 190 967 20
1500 118 287 20
1500 945 1253 20
1500 945 1059 20
1500 399 826 20
1500 618 843 20
1500 748 1201 20
1500 876 1469 20
1500 745 1075 20
1500 259 1081 20
1500 592 1309 20
1500 893 901 20
1500 1033 1134 20
1500 799 1171 20
1500 764 1470 20
1500 209 1481 20
1500 1187 1291 20
1500 853 896 20
1500 159 1378 20
1500 85 1483 20
1500 279 1100 20
1500 788 1470 20
1500 520 1406 20
1500 1024 1313 20
1500 1039 1312 20
1500 280 817 20
1500 786 1368 20
1500 493 1000 20
1500 351 542 20
1500 134 183 20
1500 602 1069 20
1500 360 551 20
1500 887 917 20
1500 381 1424 20
1500 398 620 20
1500 920 1026 20
1500 141 1256 20
1500 831 1271 20
1500 350 920 20
1500 1118 1261 20
1500 57 1138 20
1500 1449 1451 20
1500 189 1463 20
1500 655 670 20
1500 160 1174 20
1500 1002 1044 20
1500 616 1375 20
1500 491 878 20
1500 125 986 20
1500 928 1160 20
1500 403 1078 20
1500 42 1083 20
1500 1110 1312 20
1500 48 1346 20
1500 915 1149 20
1500 272 342 20
1500 3 740 20
1500 275 448 20
1500 791 977 20
1500 539 1008 20
1500 239 777 20
1500 485 798 20
1500 674 866 20
1500 530 1090 20
1500 278 623 20
1500 357 1133 20
1500 702 1361 20
1500 151 1122 20
1500 669 1156 20
1500 569 911 20
1500 407 1174 20
1500 240 502 20
1500 983 1397 20
1500 217 927 20
1500 351 1016 20
1500 4 698 20
1500 516 1134 20
1500 245 1282 20
1500 259 292 20
1500 736 1362 20
1500 997 1175 20
1500 571 1244 20
1500 370 1216 20
1500 881 1286 20
1500 780 951 20
1500 40 242 20
1500 754 1099 20
1500 510 1490 20
1500 1111 1335 20
1500 685 1204 20
1500 269 1266 20
1500 19 352 20
1500 567 714 20
1500 747 944 20
1500 333 561 20
1500 687 1189 20
1500 112 1336 20
1500 750 1494 20
1500 438 771 20
1500 986 1009 20
1500 38 1261 20
1500 207 1191 20
1500 318 1156 20
1500 584 1451 20
1500 208 671 20
1500 156 438 20
1500 203 1456 20
1500 263 282 20
1500 366 1311 20
1500 302 759 20
1500 13 1341 20
1500 208 1003 20
1500 716 1027 20
1500 218 382 20
1500 53 1257 20
1500 499 1356 20
1500 383 1059 20
1500 295 780 20
1500 512 754 20
1500 11 1396 20
1500 33 1312 20
1500 295 511 20
1500 202 483 20
1500 418 478 20
1500 154 1478 20
1500 1103 1432 20
1500 220 1334 20
1500 4 1197 20
1500 1232 1407 20
1500 493 592 20
1500 988 1309 20
1500 864 1325 20
1500 66 272 20
1500 860 1304 20
1500 763 849 20
1500 342 711 20
1500 122 145 20
1500 256 1121 20
1500 22 227 20
1500 388 1317 20
1500 500 972 20
1500 958 1500 20
1500 881 1186 20
1500 244 875 20
1500 184 1256 20
1500 42 497 20
1500 91 1283 20
1500 141 440 20
1500 252 670 20
1500 116 1079 20
1500 536 549 20
1500 976 1076 20
1500 39 1327 20
1500 530 882 20
1500 484 1300 20
1500 954 1173 20
1500 512 1500 20
1500 340 439 20
1500 1222 1349 20
1500 280 571 20
1500 752 957 20
1500 468 789 20
1500 38 700 20
1500 561 769 20
1500 442 1217 20
1500 589 953 20
1500 74 282 20
1500 345 1016 20
1500 620 966 20
1500 733 817 20
1500 431 1354 20
1500 529 701 20
1500 906 1459 20
1500 858 1237 20
1500 856 1341 20
1500 138 286 20
1500 71 504 20
1500 1150 1418 20
1500 396 1413 20
1500 248 1255 20
1500 468 571 20
1500 98 1194 20
1500 877 980 20
1500 642 1205 20
1500 1037 1129 20
1500 479 1401 20
1500 196 1205 20
1500 130 865 20
1500 314 552 20
1500 43 372 20
1500 46 59 20
1500 309 970 20
1500 797 1091 20
1500 379 669 20
1500 770 1335 20
1500 132 826 20
1500 1163 1385 20
1500 194 912 20
1500 257 416 20
1500 192 562 20
1500 540 1065 20
1500 170 499 20
1500 439 1244 20
1500 61 1180 20
1500 644 772 20
1500 19 1067 20
1500 820 1128 20
1500 749 1250 20
1500 12 286 20
1500 958 1359 20
1500 73 262 20
1500 276 1275 20
1500 405 526 20
1500 253 1069 20
1500 821 1470 20
1500 1303 1436 20
1500 993 1136 20
1500 517 1472 20
1500 296 307 20
1500 627 842 20
1500 1411 1459 20
1500 513 891 20
1500 36 1138 20
1500 307 1470 20
1500 927 981 20
1500 1001 1204 20
1500 973 1300 20
1500 541 580 20
1500 316 908 20
1500 504 887 20
1500 206 949 20
1500 1228 1337 20
1500 661 1169 20
1500 1071 1253 20
1500 689 1472 20
1500 441 881 20
1500 20 396 20
1500 885 1390 20
1500 42 215 20
1500 458 525 20
1500 456 1199 20
1500 426 1226 20
1500 845 1336 20
1500 494 856 20
1500 369 630 20
1500 40 398 20
1500 160 810 20
1500 252 657 20
1500 861 1090 20
1500 240 367 20
1500 523 631 20
1500 1242 1310 20
1500 263 1471 20
1500 436 1075 20
1500 256 875 20
1500 954 1378 20
1500 75 892 20
1500 331 1412 20
1500 577 1042 20
1500 393 666 20
1500 174 336 20
1500 713 721 20
1500 1150 1317 20
1500 536 1054 20
1500 296 1040 20
1500 57 1053 20
1500 365 1272 20
1500 10 813 20
1500 756 974 20
1500 756 1284 20
1500 328 1267 20
1500 950 1031 20
1500 89 1441 20
1500 171 534 20
1500 487 1117 20
1500 468 821 20
1500 1244 1332 20
1500 1220 1304 20
1500 754 1385 20
1500 635 901 20
1500 34 1020 20
1500 1167 1312 20
1500 253 870 20
1500 567 610 20
1500 754 1382 20
1500 72 624 20
1500 416 918 20
1500 386 1046 20
1500 922 1372 20
1500 251 928 20
1500 1123 1359 20
1500 269 1347 20
1500 933 1151 20
1500 3 266 20
1500 1305 1431 20
1500 600 1023 20
1500 469 695 20
1500 95 1218 20
1500 29 462 20
1500 161 902 20
1500 218 699 20
1500 661 1299 20
1500 368 1300 20
1500 1150 1178 20
1500 857 914 20
1500 984 1160 20
1500 123 473 20
1500 469 829 20
1500 231 1105 20
1500 344 959 20
1500 79 498 20
1500 61 507 20
1500 606 685 20
1500 1014 1299 20
1500 608 970 20
1500 211 1331 20
1500 347 441 20
1500 241 1214 20
1500 352 483 20
1500 150 416 20
