1000
1500 468 920 20
1500 367 777 20
1500 495 1026 20
1500 220 978 20
1500 1196 1263 20
1500 108 937 20
1500 373 890 20
1500 421 1144 20
1500 101 259 20
1500 1007 1386 20
1500 631 1116 20
1500 417 1345 20
1500 344 1204 20
1500 314 1376 20
1500 1221 1479 20
1500 162 668 20
1500 443 1182 20
1500 333 834 20
1500 437 849 20
1500 512 732 20
1500 795 1401 20
1500 409 1051 20
1500 757 1002 20
1500 1068 1245 20
1500 1193 1367 20
1500 547 607 20
1500 781 1354 20
1500 768 1003 20
1500 31 151 20
1500 19 159 20
1500 942 1150 20
1500 533 871 20
1500 1218 1355 20
1500 225 303 20
1500 858 1146 20
1500 31 1223 20
1500 9 635 20
1500 71 218 20
1500 58 515 20
1500 1157 1329 20
1500 1049 1354 20
1500 21 468 20
1500 279 844 20
1500 813 1345 20
1500 286 942 20
1500 469 1190 20
1500 105 1286 20
1500 194 973 20
1500 105 335 20
1500 426 906 20
1500 27 829 20
1500 464 761 20
1500 149 246 20
1500 646 821 20
1500 791 822 20
1500 438 461 20
1500 427 592 20
1500 569 856 20
1500 758 1209 20
1500 676 692 20
1500 424 810 20
1500 169 731 20
1500 413 1162 20
1500 741 1037 20
1500 1109 1433 20
1500 715 1315 20
1500 1022 1411 20
1500 356 1163 20
1500 819 1404 20
1500 1061 1203 20
1500 474 492 20
1500 12 80 20
1500 165 548 20
1500 212 540 20
1500 653 1405 20
1500 129 642 20
1500 672 718 20
1500 850 1211 20
1500 267 734 20
1500 883 1043 20
1500 28 849 20
1500 413 1029 20
1500 1110 1361 20
1500 27 1127 20
1500 566 939 20
1500 356 1011 20
1500 487 841 20
1500 38 864 20
1500 389 1246 20
1500 467 819 20
1500 646 829 20
1500 503 1135 20
1500 670 1096 20
1500 66 1402 20
1500 978 994 20
1500 838 988 20
1500 250 1064 20
1500 573 612 20
1500 383 968 20
1500 132 1114 20
1500 1338 1428 20
1500 1119 1215 20
1500 38 537 20
1500 707 949 20
1500 650 1462 20
1500 376 1227 20
1500 1070 1332 20
1500 816 1347 20
1500 906 1203 20
1500 471 1129 20
1500 386 782 20
1500 892 1294 20
1500 353 750 20
1500 459 835 20
1500 135 1426 20
1500 304 1366 20
1500 482 1194 20
1500 77 365 20
1500 428 693 20
1500 894 1085 20
1500 862 1486 20
1500 20 749 20
1500 167 998 20
1500 680 1150 20
1500 211 1297 20
1500 396 876 20
1500 91 751 20
1500 158 353 20
1500 132 271 20
1500 26 880 20
1500 788 1247 20
1500 776 1446 20
1500 562 750 20
1500 175 290 20
1500 254 641 20
1500 97 621 20
1500 145 1048 20
1500 51 366 20
1500 36 202 20
1500 145 710 20
1500 1318 1448 20
1500 631 1119 20
1500 526 1471 20
1500 233 331 20
1500 526 725 20
1500 567 1045 20
1500 371 912 20
1500 296 575 20
1500 910 1454 20
1500 228 973 20
1500 454 1448 20
1500 607 1445 20
1500 1141 1458 20
1500 1281 1391 20
1500 885 1120 20
1500 124 960 20
1500 490 502 20
1500 313 553 20
1500 1211 1462 20
1500 336 497 20
1500 400 926 20
1500 933 1099 20
1500 557 1203 20
1500 1042 1158 20
1500 525 639 20
1500 232 1249 20
1500 895 896 20
1500 34 1051 20
1500 210 532 20
1500 173 745 20
1500 841 1348 20
1500 181 299 20
1500 287 1418 20
1500 295 1150 20
1500 635 992 20
1500 126 513 20
1500 73 111 20
1500 46 537 20
1500 769 1261 20
1500 249 644 20
1500 578 644 20
1500 310 1349 20
1500 673 913 20
1500 604 640 20
1500 91 1274 20
1500 17 781 20
1500 225 469 20
1500 42 337 20
1500 268 606 20
1500 8 330 20
1500 442 1244 20
1500 482 1044 20
1500 8 54 20
1500 510 1430 20
1500 64 738 20
1500 847 1316 20
1500 503 853 20
1500 381 702 20
1500 512 1014 20
1500 578 683 20
1500 365 525 20
1500 602 1150 20
1500 1113 1188 20
1500 652 912 20
1500 53 1484 20
1500 749 1177 20
1500 885 1010 20
1500 388 640 20
1500 978 1325 20
1500 994 1277 20
1500 1273 1422 20
1500 42 599 20
1500 867 1267 20
1500 352 509 20
1500 24 363 20
1500 698 816 20
1500 387 695 20
1500 848 1365 20
1500 650 783 20
1500 317 1074 20
1500 811 874 20
1500 1298 1477 20
1500 313 323 20
1500 993 1022 20
1500 102 329 20
1500 988 1286 20
1500 1210 1228 20
1500 745 851 20
1500 1125 1302 20
1500 58 341 20
1500 836 1325 20
1500 978 1309 20
1500 691 963 20
1500 875 1497 20
1500 259 1167 20
1500 988 1445 20
1500 393 1250 20
1500 1142 1449 20
1500 610 1366 20
1500 36 542 20
1500 267 1008 20
1500 126 240 20
1500 20 186 20
1500 106 877 20
1500 40 515 20
1500 327 1227 20
1500 726 1259 20
1500 39 977 20
1500 30 1164 20
1500 751 1466 20
1500 480 1013 20
1500 856 1477 20
1500 876 1009 20
1500 181 585 20
1500 302 478 20
1500 1034 1036 20
1500 673 973 20
1500 165 1172 20
1500 870 1342 20
1500 562 1259 20
1500 377 1069 20
1500 662 1394 20
1500 77 722 20
1500 106 596 20
1500 298 1366 20
1500 367 595 20
1500 697 988 20
1500 411 1005 20
1500 185 645 20
1500 436 1015 20
1500 439 731 20
1500 1162 1476 20
1500 1080 1117 20
1500 65 829 20
1500 429 758 20
1500 297 757 20
1500 196 977 20
1500 1332 1451 20
1500 511 783 20
1500 1275 1366 20
1500 77 830 20
1500 876 1236 20
1500 56 1215 20
1500 844 1036 20
1500 1221 1250 20
1500 284 578 20
1500 394 1480 20
1500 988 1167 20
1500 161 329 20
1500 964 1309 20
1500 744 923 20
1500 68 1453 20
1500 883 1300 20
1500 245 705 20
1500 637 828 20
1500 414 1400 20
1500 959 1250 20
1500 834 1334 20
1500 419 1207 20
1500 430 1374 20
1500 613 865 20
1500 576 1363 20
1500 90 1101 20
1500 577 1210 20
1500 207 261 20
1500 838 1204 20
1500 72 760 20
1500 795 927 20
1500 674 1431 20
1500 382 1145 20
1500 645 882 20
1500 467 843 20
1500 1095 1335 20
1500 604 1322 20
1500 161 1109 20
1500 62 147 20
1500 545 1356 20
1500 322 1097 20
1500 426 943 20
1500 1274 1458 20
1500 331 1150 20
1500 1110 1117 20
1500 714 1061 20
1500 836 1415 20
1500 492 1450 20
1500 1012 1234 20
1500 560 933 20
1500 1101 1296 20
1500 1149 1229 20
1500 176 1000 20
1500 69 298 20
1500 1480 1482 20
1500 250 1450 20
1500 1102 1196 20
1500 1367 1469 20
1500 1149 1261 20
1500 735 1254 20
1500 312 530 20
1500 731 1001 20
1500 933 959 20
1500 744 1062 20
1500 539 561 20
1500 1136 1194 20
1500 317 864 20
1500 29 673 20
1500 523 940 20
1500 195 764 20
1500 659 872 20
1500 272 671 20
1500 1100 1194 20
1500 176 1381 20
1500 143 1125 20
1500 847 1017 20
1500 1131 1371 20
1500 917 1433 20
1500 305 420 20
1500 23 1467 20
1500 1094 1246 20
1500 811 1101 20
1500 769 1452 20
1500 456 1273 20
1500 284 386 20
1500 87 408 20
1500 964 1449 20
1500 375 733 20
1500 465 1229 20
1500 318 929 20
1500 310 508 20
1500 534 589 20
1500 1029 1252 20
1500 561 1287 20
1500 1437 1458 20
1500 211 486 20
1500 289 957 20
1500 1007 1180 20
1500 913 996 20
1500 538 625 20
1500 599 728 20
1500 130 1174 20
1500 243 1048 20
1500 518 767 20
1500 530 741 20
1500 78 849 20
1500 158 603 20
1500 417 1008 20
1500 693 818 20
1500 668 1497 20
1500 629 1105 20
1500 316 351 20
1500 244 383 20
1500 390 1161 20
1500 16 346 20
1500 769 1352 20
1500 166 399 20
1500 781 811 20
1500 637 849 20
1500 121 1156 20
1500 427 941 20
1500 969 1096 20
1500 603 1025 20
1500 111 428 20
1500 12 1307 20
1500 619 956 20
1500 879 1025 20
1500 476 686 20
1500 223 791 20
1500 1017 1223 20
1500 268 1152 20
1500 1354 1437 20
1500 212 298 20
1500 777 1231 20
1500 1024 1177 20
1500 141 551 20
1500 446 528 20
1500 334 633 20
1500 699 976 20
1500 139 273 20
1500 106 1487 20
1500 135 1363 20
1500 512 1015 20
1500 780 963 20
1500 29 975 20
1500 370 606 20
1500 358 1199 20
1500 658 1417 20
1500 331 1483 20
1500 306 1204 20
1500 71 400 20
1500 394 961 20
1500 562 1424 20
1500 58 832 20
1500 181 274 20
1500 33 335 20
1500 1131 1351 20
1500 540 763 20
1500 361 926 20
1500 141 246 20
1500 574 1073 20
1500 1132 1344 20
1500 2 865 20
1500 151 604 20
1500 216 1368 20
1500 1381 1389 20
1500 704 963 20
1500 632 1261 20
1500 825 896 20
1500 476 724 20
1500 615 861 20
1500 405 1434 20
1500 67 290 20
1500 1050 1074 20
1500 963 1395 20
1500 256 496 20
1500 639 1422 20
1500 110 1103 20
1500 98 748 20
1500 845 874 20
1500 474 1090 20
1500 2 65 20
1500 475 1028 20
1500 75 1345 20
1500 136 154 20
1500 625 1241 20
1500 562 782 20
1500 1027 1448 20
1500 961 1266 20
1500 15 1409 20
1500 883 1027 20
1500 154 1177 20
1500 960 1466 20
1500 601 668 20
1500 572 604 20
1500 458 1076 20
1500 542 573 20
1500 68 792 20
1500 474 893 20
1500 380 1468 20
1500 380 454 20
1500 763 1315 20
1500 833 1060 20
1500 364 861 20
1500 307 407 20
1500 195 662 20
1500 258 453 20
1500 73 693 20
1500 813 1224 20
1500 58 1040 20
1500 76 227 20
1500 607 1269 20
1500 531 701 20
1500 193 455 20
1500 757 1347 20
1500 397 684 20
1500 96 889 20
1500 875 1220 20
1500 328 618 20
1500 424 566 20
1500 1270 1274 20
1500 1007 1092 20
1500 491 689 20
1500 264 344 20
1500 147 1216 20
1500 149 418 20
1500 141 594 20
1500 744 821 20
1500 542 1361 20
1500 944 1500 20
1500 727 1322 20
1500 581 740 20
1500 576 825 20
1500 567 1058 20
1500 423 1469 20
1500 86 230 20
1500 934 1303 20
1500 1457 1478 20
1500 107 1499 20
1500 198 856 20
1500 315 707 20
1500 373 818 20
1500 19 1416 20
1500 366 468 20
1500 198 1107 20
1500 46 257 20
1500 350 484 20
1500 711 741 20
1500 589 682 20
1500 1298 1420 20
1500 1248 1362 20
1500 646 939 20
1500 959 1005 20
1500 987 1000 20
1500 301 1162 20
1500 387 1019 20
1500 474 494 20
1500 832 1256 20
1500 673 1294 20
1500 516 1274 20
1500 148 1065 20
1500 1006 1252 20
1500 259 861 20
1500 846 1156 20
1500 868 1141 20
1500 413 918 20
1500 1486 1487 20
1500 740 1388 20
1500 193 1073 20
1500 394 972 20
1500 594 699 20
1500 475 1443 20
1500 432 980 20
1500 387 403 20
1500 636 1180 20
1500 725 1461 20
1500 332 332 20
1500 198 953 20
1500 316 1475 20
1500 953 1192 20
1500 196 1160 20
1500 958 1380 20
1500 1001 1414 20
1500 207 1181 20
1500 690 751 20
1500 311 938 20
1500 981 1146 20
1500 872 1310 20
1500 366 1193 20
1500 876 1366 20
1500 151 1378 20
1500 203 1213 20
1500 445 704 20
1500 725 776 20
1500 158 1368 20
1500 577 1313 20
1500 1227 1288 20
1500 1046 1404 20
1500 431 899 20
1500 619 1096 20
1500 65 414 20
1500 736 994 20
1500 819 1207 20
1500 669 1497 20
1500 977 1396 20
1500 645 1081 20
1500 835 1079 20
1500 316 438 20
1500 1016 1208 20
1500 158 1351 20
1500 66 466 20
1500 372 1363 20
1500 446 997 20
1500 152 676 20
1500 423 519 20
1500 588 1213 20
1500 430 1038 20
1500 720 825 20
1500 655 1422 20
1500 378 1138 20
1500 449 1163 20
1500 289 1420 20
1500 711 1365 20
1500 1190 1463 20
1500 842 1132 20
1500 769 1409 20
1500 629 847 20
1500 501 1477 20
1500 63 639 20
1500 674 1297 20
1500 628 1070 20
1500 325 1192 20
1500 1040 1411 20
1500 175 1361 20
1500 82 1242 20
1500 131 1163 20
1500 674 1357 20
1500 137 391 20
1500 130 444 20
1500 230 1404 20
1500 218 720 20
1500 130 598 20
1500 574 1277 20
1500 402 468 20
1500 469 802 20
1500 95 732 20
1500 4 1070 20
1500 144 506 20
1500 211 825 20
1500 929 1300 20
1500 456 457 20
1500 277 1390 20
1500 629 1278 20
1500 938 1499 20
1500 106 1195 20
1500 216 223 20
1500 293 1463 20
1500 334 887 20
1500 109 1038 20
1500 47 218 20
1500 782 1413 20
1500 186 730 20
1500 179 1360 20
1500 920 1438 20
1500 343 1212 20
1500 484 576 20
1500 325 1116 20
1500 897 1015 20
1500 56 1226 20
1500 657 906 20
1500 928 1140 20
1500 1210 1436 20
1500 583 638 20
1500 15 110 20
1500 1064 1280 20
1500 1066 1329 20
1500 130 1378 20
1500 1315 1356 20
1500 929 1195 20
1500 549 861 20
1500 139 498 20
1500 706 793 20
1500 7 531 20
1500 422 561 20
1500 273 1449 20
1500 824 1282 20
1500 1166 1388 20
1500 259 1222 20
1500 629 1399 20
1500 387 709 20
1500 1069 1147 20
1500 433 1240 20
1500 631 914 20
1500 547 693 20
1500 327 758 20
1500 442 1276 20
1500 343 1059 20
1500 317 492 20
1500 574 1284 20
1500 748 1271 20
1500 1126 1164 20
1500 736 1320 20
1500 214 1221 20
1500 755 1093 20
1500 93 933 20
1500 340 1015 20
1500 645 1425 20
1500 785 1101 20
1500 690 1437 20
1500 296 741 20
1500 1017 1226 20
1500 803 1105 20
1500 201 795 20
1500 1055 1461 20
1500 344 1476 20
1500 915 1274 20
1500 869 1202 20
1500 567 599 20
1500 153 1413 20
1500 223 499 20
1500 171 454 20
1500 252 789 20
1500 408 755 20
1500 901 1333 20
1500 367 1242 20
1500 407 557 20
1500 388 1450 20
1500 730 1415 20
1500 485 613 20
1500 105 490 20
1500 347 1251 20
1500 205 1482 20
1500 448 1235 20
1500 607 1267 20
1500 837 842 20
1500 660 903 20
1500 357 374 20
1500 714 986 20
1500 40 1282 20
1500 88 1402 20
1500 127 1472 20
1500 194 567 20
1500 303 672 20
1500 684 1358 20
1500 372 502 20
1500 345 824 20
1500 213 684 20
1500 377 1059 20
1500 748 1486 20
1500 1093 1166 20
1500 447 1009 20
1500 612 1024 20
1500 74 738 20
1500 990 1266 20
1500 11 1385 20
1500 179 462 20
1500 1111 1363 20
1500 500 1078 20
1500 691 1032 20
1500 1376 1479 20
1500 1084 1203 20
1500 260 668 20
1500 419 759 20
1500 645 1272 20
1500 423 1436 20
1500 180 366 20
1500 525 1352 20
1500 146 970 20
1500 325 503 20
1500 346 396 20
1500 89 1106 20
1500 1179 1372 20
1500 649 981 20
1500 575 1139 20
1500 458 980 20
1500 70 144 20
1500 796 1231 20
1500 394 922 20
1500 568 833 20
1500 1040 1105 20
1500 392 1331 20
1500 545 556 20
1500 286 1360 20
1500 1171 1457 20
1500 860 1064 20
1500 612 829 20
1500 369 756 20
1500 493 1433 20
1500 102 1358 20
1500 1165 1442 20
1500 240 502 20
1500 639 1491 20
1500 1402 1408 20
1500 398 1451 20
1500 879 938 20
1500 390 659 20
1500 932 1048 20
1500 225 946 20
1500 652 1379 20
1500 926 1441 20
1500 734 1423 20
1500 339 1298 20
1500 465 1052 20
1500 188 226 20
1500 378 775 20
1500 153 384 20
1500 694 1319 20
1500 1176 1380 20
1500 1226 1421 20
1500 1064 1124 20
1500 459 745 20
1500 61 407 20
1500 72 1476 20
1500 233 909 20
1500 996 1031 20
1500 146 1027 20
1500 898 1365 20
1500 972 1126 20
1500 14 283 20
1500 176 1371 20
1500 412 1476 20
1500 731 769 20
1500 329 530 20
1500 91 1395 20
1500 630 1144 20
1500 1060 1076 20
1500 1002 1299 20
1500 206 912 20
1500 436 1239 20
1500 281 1497 20
1500 303 1149 20
1500 256 346 20
1500 13 462 20
1500 253 1180 20
1500 1002 1347 20
1500 986 1205 20
1500 582 1292 20
1500 390 1443 20
1500 806 1441 20
1500 97 335 20
1500 628 1096 20
1500 750 892 20
1500 86 855 20
1500 655 669 20
1500 831 1197 20
1500 15 277 20
1500 192 1132 20
1500 751 1496 20
1500 867 992 20
1500 1260 1401 20
1500 708 1145 20
1500 1317 1381 20
1500 348 498 20
1500 253 530 20
1500 196 376 20
1500 71 405 20
1500 1180 1376 20
1500 278 518 20
1500 643 1238 20
1500 559 834 20
1500 62 277 20
1500 453 745 20
1500 480 699 20
1500 436 712 20
1500 28 403 20
1500 65 1150 20
1500 553 662 20
1500 437 824 20
1500 23 277 20
1500 814 1428 20
1500 884 1137 20
1500 1015 1261 20
1500 730 1325 20
1500 41 1065 20
1500 1484 1495 20
1500 701 1200 20
1500 551 1317 20
1500 946 1285 20
1500 758 865 20
1500 438 817 20
1500 109 635 20
1500 1082 1283 20
1500 835 869 20
1500 284 1127 20
1500 990 1467 20
1500 739 972 20
1500 847 1465 20
1500 536 1239 20
1500 415 617 20
1500 754 1389 20
1500 732 813 20
1500 331 346 20
1500 183 185 20
1500 15 677 20
1500 1239 1244 20
1500 551 812 20
1500 795 1146 20
1500 237 329 20
1500 408 1338 20
1500 1147 1286 20
1500 692 909 20
1500 179 190 20
1500 806 1112 20
1500 288 666 20
1500 821 1005 20
1500 351 851 20
1500 66 388 20
1500 194 926 20
1500 348 1270 20
1500 221 1418 20
1500 221 626 20
1500 771 902 20
1500 186 836 20
1500 135 545 20
1500 297 531 20
1500 863 1283 20
1500 507 999 20
1500 1306 1468 20
1500 416 929 20
1500 195 1277 20
1500 84 957 20
1500 215 468 20
1500 443 1365 20
1500 77 466 20
1500 119 1040 20
1500 302 1093 20
1500 867 1269 20
1500 163 640 20
1500 198 223 20
1500 584 791 20
1500 270 1196 20
1500 803 1283 20
1500 736 741 20
1500 753 1101 20
1500 841 1210 20
1500 95 1003 20
1500 63 1237 20
1500 170 422 20
1500 544 959 20
1500 516 616 20
1500 639 1419 20
1500 743 990 20
1500 1141 1317 20
1500 283 1157 20
1500 105 1121 20
1500 587 1216 20
1500 263 406 20
1500 135 1262 20
1500 389 459 20
1500 236 952 20
1500 513 1086 20
1500 845 934 20
1500 145 1314 20
1500 419 1005 20
1500 77 118 20
1500 498 1260 20
1500 685 1191 20
1500 514 1286 20
1500 98 617 20
1500 825 1200 20
1500 38 1051 20
1500 507 1451 20
1500 838 867 20
1500 444 656 20
1500 214 958 20
1500 272 761 20
1500 253 1250 20
1500 289 1283 20
1500 1123 1344 20
1500 841 1363 20
1500 330 431 20
1500 663 1464 20
1500 505 695 20
1500 110 314 20
1500 750 1323 20
1500 361 672 20
1500 501 886 20
1500 280 425 20
1500 174 1462 20
1500 1053 1074 20
1500 1026 1277 20
1500 63 687 20
1500 507 837 20
1500 1215 1264 20
1500 1183 1480 20
1500 620 790 20
1500 36 882 20
1500 496 1362 20
1500 284 594 20
1500 1003 1003 20
1500 261 963 20
1500 276 612 20
1500 38 1289 20
1500 946 1415 20
1500 1108 1179 20
1500 1362 1422 20
1500 630 723 20
1500 490 1091 20
1500 473 1182 20
1500 12 66 20
1500 494 1290 20
1500 849 1080 20
1500 232 366 20
1500 513 1473 20
1500 356 966 20
1500 1406 1487 20
1500 89 529 20
1500 90 265 20
1500 455 619 20
1500 107 1012 20
1500 293 1416 20
1500 1056 1273 20
1500 158 1303 20
1500 806 1102 20
1500 351 922 20
1500 147 442 20
1500 375 617 20
1500 1014 1172 20
1500 518 748 20
1500 518 631 20
1500 659 939 20
1500 738 804 20
1500 602 1099 20
