1000
1500 398 478 20
1500 163 192 20
1500 171 1038 20
1500 47 206 20
1500 30 520 20
1500 240 494 20
1500 271 976 20
1500 890 1461 20
1500 341 409 20
1500 45 1111 20
1500 23 610 20
1500 925 1389 20
1500 477 752 20
1500 473 1265 20
1500 98 1432 20
1500 671 1036 20
1500 64 1439 20
1500 488 860 20
1500 1016 1213 20
1500 814 981 20
1500 413 825 20
1500 482 1350 20
1500 765 999 20
1500 904 1034 20
1500 541 680 20
1500 825 1035 20
1500 500 1236 20
1500 134 1215 20
1500 348 1215 20
1500 1096 1217 20
1500 615 1314 20
1500 1252 1425 20
1500 925 1162 20
1500 97 371 20
1500 377 486 20
1500 41 230 20
1500 1354 1488 20
1500 635 1441 20
1500 256 967 20
1500 997 1223 20
1500 1150 1500 20
1500 1138 1495 20
1500 40 793 20
1500 700 1300 20
1500 241 1324 20
1500 689 838 20
1500 532 657 20
1500 1393 1436 20
1500 387 552 20
1500 5 271 20
1500 292 930 20
1500 828 938 20
1500 391 635 20
1500 131 152 20
1500 539 1126 20
1500 1091 1217 20
1500 633 1336 20
1500 637 1023 20
1500 618 621 20
1500 1039 1249 20
1500 927 1292 20
1500 482 1074 20
1500 337 1147 20
1500 331 1414 20
1500 495 515 20
1500 229 821 20
1500 389 1171 20
1500 97 871 20
1500 1218 1340 20
1500 72 882 20
1500 870 1290 20
1500 41 1184 20
1500 591 986 20
1500 649 1128 20
1500 679 892 20
1500 654 996 20
1500 448 861 20
1500 171 857 20
1500 62 1258 20
1500 413 1049 20
1500 189 597 20
1500 24 999 20
1500 412 675 20
1500 1313 1319 20
1500 14 725 20
1500 677 898 20
1500 143 743 20
1500 1342 1408 20
1500 734 1078 20
1500 94 1251 20
1500 610 1136 20
1500 110 934 20
1500 875 1312 20
1500 66 1189 20
1500 866 908 20
1500 283 417 20
1500 177 908 20
1500 334 777 20
1500 67 357 20
1500 1328 1329 20
1500 1049 1457 20
1500 1296 1487 20
1500 349 1236 20
1500 698 882 20
1500 992 1019 20
1500 682 959 20
1500 843 1206 20
1500 153 1194 20
1500 547 762 20
1500 172 293 20
1500 11 479 20
1500 1004 1127 20
1500 134 198 20
1500 517 701 20
1500 1155 1373 20
1500 448 910 20
1500 33 1068 20
1500 63 908 20
1500 8 295 20
1500 992 1140 20
1500 703 1411 20
1500 15 608 20
1500 276 1259 20
1500 401 522 20
1500 18 449 20
1500 534 1107 20
1500 283 1201 20
1500 568 846 20
1500 449 1034 20
1500 143 1484 20
1500 457 1159 20
1500 456 1156 20
1500 728 837 20
1500 552 892 20
1500 275 446 20
1500 1311 1425 20
1500 461 936 20
1500 1048 1227 20
1500 126 769 20
1500 540 976 20
1500 465 1019 20
1500 1098 1158 20
1500 1357 1447 20
1500 128 231 20
1500 771 1327 20
1500 147 768 20
1500 285 766 20
1500 150 758 20
1500 337 435 20
1500 213 788 20
1500 908 918 20
1500 416 1101 20
1500 399 1073 20
1500 980 1448 20
1500 313 1344 20
1500 495 1166 20
1500 106 452 20
1500 594 1068 20
1500 230 1371 20
1500 299 730 20
1500 747 1326 20
1500 840 1235 20
1500 1341 1382 20
1500 231 1489 20
1500 815 925 20
1500 211 874 20
1500 978 1190 20
1500 646 1297 20
1500 795 1224 20
1500 109 858 20
1500 1214 1398 20
1500 940 1068 20
1500 288 894 20
1500 823 1072 20
1500 71 526 20
1500 82 357 20
1500 799 1341 20
1500 982 1031 20
1500 216 1414 20
1500 32 409 20
1500 171 309 20
1500 819 1077 20
1500 273 1096 20
1500 254 1020 20
1500 1187 1331 20
1500 1242 1419 20
1500 595 1063 20
1500 826 902 20
1500 329 899 20
1500 855 928 20
1500 651 1427 20
1500 516 1238 20
1500 677 885 20
1500 936 1227 20
1500 213 657 20
1500 476 743 20
1500 22 852 20
1500 447 1138 20
1500 409 742 20
1500 480 938 20
1500 1369 1451 20
1500 164 601 20
1500 586 975 20
1500 301 643 20
1500 911 914 20
1500 900 902 20
1500 205 1233 20
1500 343 551 20
1500 534 711 20
1500 1125 1246 20
1500 670 1407 20
1500 744 910 20
1500 3 142 20
1500 87 1134 20
1500 125 1414 20
1500 355 379 20
1500 45 1034 20
1500 42 1446 20
1500 1006 1117 20
1500 664 766 20
1500 561 917 20
1500 609 1039 20
1500 359 776 20
1500 1000 1231 20
1500 96 527 20
1500 584 1354 20
1500 725 1456 20
1500 3 1222 20
1500 98 1214 20
1500 1270 1322 20
1500 436 993 20
1500 904 1435 20
1500 838 1443 20
1500 372 1118 20
1500 31 947 20
1500 1188 1256 20
1500 51 975 20
1500 820 1149 20
1500 475 1223 20
1500 126 1391 20
1500 408 1293 20
1500 496 619 20
1500 66 725 20
1500 187 286 20
1500 906 1325 20
1500 836 1370 20
1500 294 492 20
1500 301 1464 20
1500 399 1352 20
1500 399 1449 20
1500 435 895 20
1500 1191 1276 20
1500 600 742 20
1500 447 1381 20
1500 299 1192 20
1500 326 1005 20
1500 938 1185 20
1500 1301 1307 20
1500 175 836 20
1500 41 742 20
1500 334 1259 20
1500 11 744 20
1500 444 892 20
1500 789 1172 20
1500 161 220 20
1500 134 526 20
1500 43 714 20
1500 371 791 20
1500 394 509 20
1500 579 1467 20
1500 30 1416 20
1500 411 419 20
1500 328 970 20
1500 519 784 20
1500 35 282 20
1500 579 1250 20
1500 598 1330 20
1500 1384 1498 20
1500 817 898 20
1500 1138 1294 20
1500 437 962 20
1500 1110 1297 20
1500 794 804 20
1500 1178 1433 20
1500 879 908 20
1500 676 719 20
1500 766 1296 20
1500 558 941 20
1500 792 1211 20
1500 509 604 20
1500 865 1120 20
1500 665 1040 20
1500 478 816 20
1500 647 1306 20
1500 12 349 20
1500 332 433 20
1500 16 84 20
1500 1337 1488 20
1500 789 812 20
1500 660 792 20
1500 480 896 20
1500 690 1105 20
1500 293 456 20
1500 2 1395 20
1500 918 1402 20
1500 583 784 20
1500 308 586 20
1500 295 658 20
1500 238 422 20
1500 429 1318 20
1500 1319 1457 20
1500 149 186 20
1500 166 1452 20
1500 557 1044 20
1500 285 457 20
1500 502 633 20
1500 1211 1405 20
1500 315 375 20
1500 465 1408 20
1500 498 877 20
1500 163 771 20
1500 408 1363 20
1500 800 1426 20
1500 103 1199 20
1500 358 900 20
1500 683 884 20
1500 118 648 20
1500 558 875 20
1500 151 1269 20
1500 865 941 20
1500 769 903 20
1500 180 1254 20
1500 522 1270 20
1500 1003 1133 20
1500 261 451 20
1500 181 521 20
1500 25 802 20
1500 444 1150 20
1500 450 813 20
1500 328 1407 20
1500 157 499 20
1500 459 640 20
1500 1041 1268 20
1500 835 1238 20
1500 334 671 20
1500 357 1207 20
1500 1384 1424 20
1500 1045 1461 20
1500 446 1113 20
1500 240 277 20
1500 339 770 20
1500 56 810 20
1500 395 694 20
1500 694 1058 20
1500 912 1178 20
1500 1199 1455 20
1500 71 1223 20
1500 72 441 20
1500 310 804 20
1500 442 776 20
1500 224 1326 20
1500 1063 1090 20
1500 82 320 20
1500 626 1138 20
1500 767 1073 20
1500 437 1356 20
1500 555 615 20
1500 49 1489 20
1500 822 1285 20
1500 78 571 20
1500 937 958 20
1500 1011 1398 20
1500 708 899 20
1500 232 701 20
1500 644 1118 20
1500 580 1435 20
1500 853 1107 20
1500 407 1358 20
1500 663 684 20
1500 722 775 20
1500 887 1000 20
1500 595 852 20
1500 46 1172 20
1500 111 1037 20
1500 665 1438 20
1500 478 858 20
1500 644 1058 20
1500 892 914 20
1500 1328 1381 20
1500 546 892 20
1500 333 566 20
1500 875 1458 20
1500 787 954 20
1500 536 848 20
1500 536 956 20
1500 322 470 20
1500 1403 1428 20
1500 508 944 20
1500 394 1334 20
1500 7 459 20
1500 256 1152 20
1500 1284 1339 20
1500 1152 1183 20
1500 248 619 20
1500 845 862 20
1500 709 1344 20
1500 206 303 20
1500 381 843 20
1500 290 715 20
1500 1160 1446 20
1500 891 1013 20
1500 265 579 20
1500 103 995 20
1500 709 915 20
1500 106 550 20
1500 239 855 20
1500 640 777 20
1500 413 1319 20
1500 569 616 20
1500 358 1479 20
1500 391 1457 20
1500 124 1098 20
1500 176 469 20
1500 64 1164 20
1500 257 445 20
1500 1184 1367 20
1500 576 798 20
1500 172 968 20
1500 527 926 20
1500 556 1015 20
1500 390 563 20
1500 198 544 20
1500 574 1252 20
1500 20 857 20
1500 368 1418 20
1500 80 1492 20
1500 559 1354 20
1500 689 1457 20
1500 307 389 20
1500 25 44 20
1500 869 942 20
1500 413 842 20
1500 930 1135 20
1500 455 1095 20
1500 75 886 20
1500 192 857 20
1500 245 1432 20
1500 473 1175 20
1500 394 1041 20
1500 198 486 20
1500 1022 1142 20
1500 567 1225 20
1500 439 1079 20
1500 405 1073 20
1500 50 834 20
1500 1267 1387 20
1500 34 1381 20
1500 1149 1325 20
1500 59 1152 20
1500 13 684 20
1500 145 1178 20
1500 112 1226 20
1500 514 1168 20
1500 543 1383 20
1500 556 823 20
1500 98 904 20
1500 21 467 20
1500 671 818 20
1500 551 563 20
1500 405 1147 20
1500 237 999 20
1500 299 813 20
1500 73 130 20
1500 116 531 20
1500 486 1124 20
1500 313 1306 20
1500 96 146 20
1500 28 838 20
1500 675 1022 20
1500 620 1061 20
1500 438 889 20
1500 821 1346 20
1500 328 400 20
1500 356 359 20
1500 100 1427 20
1500 25 1364 20
1500 748 1164 20
1500 591 1201 20
1500 353 507 20
1500 1207 1496 20
1500 498 1437 20
1500 784 1064 20
1500 306 1251 20
1500 753 1492 20
1500 903 1116 20
1500 428 1076 20
1500 1152 1435 20
1500 173 222 20
1500 194 1489 20
1500 727 782 20
1500 297 547 20
1500 522 1243 20
1500 1093 1444 20
1500 704 788 20
1500 1038 1474 20
1500 48 903 20
1500 216 906 20
1500 184 372 20
1500 241 1166 20
1500 300 310 20
1500 168 1305 20
1500 712 1193 20
1500 630 1369 20
1500 343 814 20
1500 65 1200 20
1500 254 734 20
1500 567 654 20
1500 932 1405 20
1500 640 1309 20
1500 613 1281 20
1500 818 966 20
1500 1087 1402 20
1500 853 858 20
1500 773 906 20
1500 88 486 20
1500 657 1321 20
1500 795 1467 20
1500 320 1487 20
1500 49 1227 20
1500 713 1166 20
1500 736 1176 20
1500 369 1459 20
1500 655 1066 20
1500 35 1247 20
1500 288 691 20
1500 1312 1423 20
1500 271 365 20
1500 379 455 20
1500 529 1353 20
1500 105 760 20
1500 170 626 20
1500 639 1482 20
1500 678 743 20
1500 326 1332 20
1500 245 646 20
1500 210 958 20
1500 1175 1460 20
1500 988 1134 20
1500 464 1209 20
1500 566 633 20
1500 56 775 20
1500 156 519 20
1500 633 998 20
1500 1211 1474 20
1500 420 586 20
1500 456 1425 20
1500 374 580 20
1500 497 730 20
1500 477 1308 20
1500 9 79 20
1500 630 833 20
1500 505 845 20
1500 890 1224 20
1500 50 862 20
1500 548 693 20
1500 69 601 20
1500 1277 1464 20
1500 190 1324 20
1500 1012 1391 20
1500 56 408 20
1500 894 1043 20
1500 163 618 20
1500 330 1238 20
1500 124 1116 20
1500 1038 1258 20
1500 424 1224 20
1500 640 1499 20
1500 269 1171 20
1500 775 953 20
1500 175 1020 20
1500 207 1219 20
1500 171 221 20
1500 134 913 20
1500 923 1160 20
1500 343 1307 20
1500 1141 1168 20
1500 1038 1215 20
1500 1185 1354 20
1500 815 1340 20
1500 551 933 20
1500 783 1373 20
1500 5 637 20
1500 192 746 20
1500 1420 1482 20
1500 962 1100 20
1500 265 653 20
1500 782 1316 20
1500 712 1410 20
1500 413 1016 20
1500 423 1469 20
1500 81 329 20
1500 495 783 20
1500 788 1083 20
1500 144 933 20
1500 139 1425 20
1500 719 820 20
1500 157 1357 20
1500 999 1252 20
1500 53 360 20
1500 675 1010 20
1500 435 1465 20
1500 57 1462 20
1500 76 1013 20
1500 663 867 20
1500 401 1227 20
1500 949 1154 20
1500 817 1005 20
1500 553 861 20
1500 209 870 20
1500 598 1174 20
1500 291 463 20
1500 193 708 20
1500 716 763 20
1500 923 1067 20
1500 113 376 20
1500 429 731 20
1500 361 602 20
1500 598 983 20
1500 670 775 20
1500 128 1345 20
1500 853 1104 20
1500 37 396 20
1500 846 942 20
1500 215 1497 20
1500 244 1221 20
1500 643 1077 20
1500 256 1260 20
1500 5 584 20
1500 661 904 20
1500 505 905 20
1500 9 878 20
1500 28 1350 20
1500 78 430 20
1500 775 1132 20
1500 144 560 20
1500 459 799 20
1500 302 1298 20
1500 218 999 20
1500 122 966 20
1500 41 1276 20
1500 248 706 20
1500 740 1229 20
1500 396 1009 20
1500 230 738 20
1500 424 664 20
1500 1204 1455 20
1500 709 1461 20
1500 49 634 20
1500 385 973 20
1500 368 422 20
1500 270 1242 20
1500 974 977 20
1500 541 1196 20
1500 642 1133 20
1500 152 715 20
1500 209 688 20
1500 449 854 20
1500 74 176 20
1500 870 1053 20
1500 518 1444 20
1500 746 1189 20
1500 796 1468 20
1500 86 1379 20
1500 56 742 20
1500 684 1491 20
1500 302 637 20
1500 211 904 20
1500 37 458 20
1500 641 1083 20
1500 135 241 20
1500 14 220 20
1500 253 551 20
1500 1121 1453 20
1500 1224 1293 20
1500 538 722 20
1500 299 344 20
1500 1190 1364 20
1500 1002 1204 20
1500 1145 1359 20
1500 18 114 20
1500 16 938 20
1500 735 1008 20
1500 505 1254 20
1500 14 308 20
1500 158 1254 20
1500 220 527 20
1500 910 1330 20
1500 606 931 20
1500 392 772 20
1500 529 608 20
1500 371 1414 20
1500 149 886 20
1500 729 1043 20
1500 70 384 20
1500 1249 1338 20
1500 445 940 20
1500 1211 1315 20
1500 3 887 20
1500 411 683 20
1500 1037 1314 20
1500 364 431 20
1500 64 1499 20
1500 293 1142 20
1500 16 142 20
1500 670 901 20
1500 683 854 20
1500 471 695 20
1500 662 1452 20
1500 1240 1470 20
1500 234 655 20
1500 4 309 20
1500 658 1211 20
1500 625 631 20
1500 161 1244 20
1500 908 1432 20
1500 16 135 20
1500 555 608 20
1500 264 688 20
1500 284 1221 20
1500 222 580 20
1500 659 1206 20
1500 453 1465 20
1500 340 799 20
1500 759 1317 20
1500 457 1375 20
1500 49 338 20
1500 337 551 20
1500 914 1470 20
1500 954 963 20
1500 618 1222 20
1500 1022 1265 20
1500 661 1313 20
1500 134 707 20
1500 1110 1150 20
1500 224 1215 20
1500 1174 1258 20
1500 214 734 20
1500 56 556 20
1500 483 793 20
1500 216 1121 20
1500 220 710 20
1500 1350 1418 20
1500 399 951 20
1500 1350 1368 20
1500 46 497 20
1500 147 285 20
1500 80 674 20
1500 19 845 20
1500 224 836 20
1500 289 1430 20
1500 299 762 20
1500 687 939 20
1500 17 972 20
1500 77 986 20
1500 770 1446 20
1500 1015 1177 20
1500 629 1207 20
1500 287 1220 20
1500 742 797 20
1500 213 1094 20
1500 626 1345 20
1500 182 688 20
1500 990 1210 20
1500 571 1442 20
1500 23 1332 20
1500 168 714 20
1500 646 849 20
1500 182 1496 20
1500 1074 1489 20
1500 399 1268 20
1500 298 407 20
1500 231 267 20
1500 770 1013 20
1500 860 1239 20
1500 370 1300 20
1500 273 1302 20
1500 370 878 20
1500 120 172 20
1500 584 1071 20
1500 995 1337 20
1500 144 678 20
1500 723 1195 20
1500 93 108 20
1500 241 1400 20
1500 369 1411 20
1500 1116 1460 20
1500 732 1321 20
1500 386 1106 20
1500 581 1154 20
1500 210 745 20
1500 796 1188 20
1500 174 687 20
1500 539 542 20
1500 280 1243 20
1500 410 1035 20
1500 717 1166 20
1500 1046 1354 20
1500 467 1480 20
1500 146 633 20
1500 184 530 20
1500 468 883 20
1500 401 688 20
1500 1193 1412 20
1500 133 958 20
1500 1086 1480 20
1500 3 169 20
1500 576 1253 20
1500 1039 1491 20
1500 40 342 20
1500 615 1029 20
1500 733 771 20
1500 1038 1211 20
1500 352 740 20
1500 115 998 20
1500 579 745 20
1500 787 1264 20
1500 482 1341 20
1500 1268 1459 20
1500 314 1067 20
1500 89 1154 20
1500 696 1019 20
1500 779 1323 20
1500 584 1271 20
1500 540 1019 20
1500 130 1204 20
1500 1031 1349 20
1500 567 763 20
1500 35 395 20
1500 166 303 20
1500 345 1327 20
1500 828 978 20
1500 868 922 20
1500 960 1086 20
1500 944 1019 20
1500 134 995 20
1500 157 879 20
1500 1095 1326 20
1500 596 685 20
1500 89 1491 20
1500 957 988 20
1500 88 862 20
1500 552 898 20
1500 1330 1429 20
1500 388 1257 20
1500 1334 1410 20
1500 572 1063 20
1500 321 1206 20
1500 728 1029 20
1500 729 973 20
1500 215 1272 20
1500 925 1044 20
1500 427 894 20
1500 132 1361 20
1500 288 873 20
1500 652 1174 20
1500 423 953 20
1500 194 1160 20
1500 850 1403 20
1500 554 1107 20
1500 535 1032 20
1500 583 1275 20
1500 1136 1367 20
1500 259 1066 20
1500 151 1343 20
1500 206 1339 20
1500 71 605 20
1500 387 1470 20
1500 597 1227 20
1500 725 922 20
1500 1289 1393 20
1500 471 776 20
1500 124 556 20
1500 86 109 20
1500 709 931 20
1500 153 926 20
1500 306 1245 20
1500 120 304 20
1500 180 209 20
1500 210 928 20
1500 560 1171 20
1500 219 977 20
1500 1194 1432 20
1500 1216 1369 20
1500 298 733 20
1500 541 1286 20
1500 284 1220 20
1500 213 1087 20
1500 117 135 20
1500 307 959 20
1500 712 972 20
1500 360 1192 20
1500 863 1081 20
1500 183 1142 20
1500 842 1085 20
1500 34 208 20
1500 600 778 20
1500 143 635 20
1500 498 619 20
1500 693 783 20
1500 116 1260 20
1500 178 939 20
1500 435 732 20
1500 863 986 20
1500 1033 1329 20
1500 463 659 20
1500 441 469 20
1500 295 1395 20
1500 605 1130 20
1500 411 1401 20
1500 32 138 20
1500 657 862 20
1500 442 894 20
1500 200 1153 20
1500 435 714 20
1500 77 419 20
1500 913 1067 20
1500 351 1049 20
1500 605 933 20
1500 821 1165 20
1500 444 791 20
1500 459 966 20
1500 61 463 20
1500 309 1198 20
1500 615 1057 20
1500 204 697 20
1500 746 1179 20
1500 162 450 20
1500 978 979 20
1500 685 1262 20
1500 60 77 20
1500 88 514 20
1500 436 1443 20
1500 972 1426 20
1500 838 1456 20
1500 1013 1430 20
1500 71 513 20
1500 196 1242 20
1500 81 1338 20
1500 428 624 20
1500 318 370 20
1500 649 1366 20
1500 30 1084 20
1500 36 1001 20
1500 478 1298 20
1500 486 1236 20
1500 470 820 20
1500 284 650 20
1500 958 1247 20
1500 585 1312 20
1500 433 738 20
1500 9 742 20
1500 1104 1431 20
1500 420 1304 20
1500 1308 1471 20
1500 698 975 20
1500 176 1492 20
1500 265 615 20
1500 329 350 20
1500 496 1114 20
1500 204 1347 20
1500 1077 1103 20
1500 117 1044 20
1500 157 964 20
1500 16 78 20
1500 177 882 20
1500 903 918 20
1500 1238 1310 20
1500 315 390 20
1500 5 911 20
1500 39 1129 20
1500 840 1482 20
1500 790 1424 20
1500 65 917 20
1500 230 1288 20
1500 209 1309 20
1500 32 189 20
1500 97 1059 20
1500 872 1452 20
1500 258 1142 20
1500 744 1302 20
1500 164 1143 20
1500 563 1017 20
1500 209 827 20
1500 799 1095 20
1500 378 641 20
1500 740 1093 20
1500 74 748 20
1500 228 1119 20
1500 334 420 20
1500 158 1284 20
