4 99 514
64 50
93 27
88 6
92 35
76 47
51 44
79 13
89 52
65 53
70 60
92 28
39 8
53 16
73 42
92 75
86 55
33 30
80 64
36 35
83 12
66 4
97 4
66 25
92 63
81 51
62 32
75 47
95 90
55 30
57 40
97 16
96 33
91 4
70 55
78 49
55 34
24 6
79 55
64 52
71 62
38 3
18 16
75 57
81 63
81 11
89 59
84 61
96 68
67 27
50 30
72 35
49 45
87 81
94 16
94 32
70 21
99 51
85 36
66 4
6 2
51 34
73 69
99 98
56 4
87 7
67 63
69 42
56 46
10 7
41 12
84 49
75 66
97 28
69 58
61 54
62 11
12 8
97 59
40 23
89 47
71 15
79 24
60 32
66 45
37 15
69 26
93 13
77 37
71 15
21 16
67 32
32 8
78 25
39 31
44 44
71 52
84 36
86 48
92 71
97 29
81 31
95 73
41 29
83 53
59 48
20 19
64 47
13 4
71 28
60 17
98 76
84 69
85 15
87 77
77 14
78 77
57 34
88 30
91 18
83 64
88 34
66 56
81 18
59 57
83 50
61 10
45 42
54 15
76 10
81 60
95 6
73 45
81 55
60 33
50 10
95 93
80 42
97 94
50 15
40 19
93 87
28 25
75 62
88 25
58 39
77 40
70 5
89 45
83 73
76 71
9 9
63 47
35 15
96 56
61 5
55 15
65 13
89 43
51 51
34 7
72 32
96 55
40 7
35 1
92 22
28 14
25 7
64 5
84 23
94 21
89 27
65 17
66 47
88 33
71 35
59 48
88 51
89 23
4 4
80 76
77 50
84 59
93 17
21 5
89 63
69 33
51 39
88 45
72 62
34 9
77 59
95 85
67 19
61 9
98 12
82 57
53 18
87 42
70 44
98 50
67 32
91 45
91 19
71 1
87 57
16 8
89 45
34 1
95 91
51 50
94 63
83 47
46 28
47 28
34 33
71 43
79 37
95 56
89 74
31 12
3 1
49 45
80 16
39 5
83 57
93 1
99 14
45 39
96 31
93 74
82 58
54 45
86 46
46 37
80 9
74 33
94 29
52 43
49 28
48 43
78 25
31 7
51 44
55 9
37 36
77 25
38 30
90 2
86 42
39 36
50 31
68 60
76 4
89 84
66 20
97 69
97 84
28 2
87 86
88 42
99 10
48 28
93 46
53 34
43 4
74 5
90 3
54 21
84 16
73 9
85 6
42 27
82 65
90 81
64 19
94 69
63 32
55 38
68 27
46 38
41 36
47 4
79 54
91 34
91 74
61 13
93 20
96 3
75 44
46 32
86 22
25 13
28 12
37 28
94 44
98 90
88 86
37 17
65 2
83 74
98 22
58 58
21 9
85 81
59 21
55 3
68 25
99 40
96 20
56 53
93 33
69 42
26 20
97 60
88 26
63 1
96 64
63 18
68 10
68 19
35 31
32 7
73 61
41 20
38 8
88 62
57 14
51 21
94 60
69 64
96 55
88 50
75 62
39 5
28 22
50 31
65 1
91 54
50 41
90 11
66 43
87 30
92 50
52 40
67 54
53 15
62 54
61 20
91 69
67 20
50 40
44 31
88 42
14 3
95 75
86 74
73 72
97 50
40 26
58 48
95 27
89 58
76 17
56 43
50 46
95 5
74 30
79 25
35 29
57 30
78 65
41 12
36 13
71 10
68 56
90 58
68 23
32 31
77 53
66 41
39 27
62 17
46 7
54 54
16 12
90 20
68 66
82 11
45 22
85 83
96 56
95 68
75 39
86 31
99 31
72 52
76 71
70 56
98 52
83 51
98 38
92 44
67 54
68 37
86 22
37 28
83 66
2 1
84 55
95 22
85 66
62 14
71 4
40 10
57 13
78 57
45 20
97 29
78 63
91 29
19 15
19 11
99 65
66 50
37 31
91 83
67 41
50 46
23 16
58 4
84 57
46 22
74 69
38 6
54 34
92 75
58 3
95 37
86 16
69 2
32 23
64 45
55 16
68 53
73 15
65 20
89 59
91 7
81 75
92 71
82 29
98 96
49 17
41 4
74 52
19 15
74 43
81 63
34 33
96 3
13 9
79 67
76 58
80 19
33 14
41 22
80 34
44 3
64 17
28 21
34 24
75 3
80 42
15 1
57 23
90 87
67 34
45 31
52 42
24 22
67 46
14 11
55 6
73 6
49 43
85 43
51 21
55 30
55 45
43 14
88 61
11 5
27 15
89 27
79 3
20 4
93 15
23 19
46 21
37 14
74 69
77 1
93 6
91 52
82 47
91 20
51 23
63 13
77 38
66 46
68 41
71 49
94 50
65 46
