4 99 495
59 56
29 17
18 1
86 14
79 5
20 14
97 41
44 13
57 14
96 39
56 40
67 17
54 33
80 49
97 2
35 22
59 15
85 31
90 62
22 22
59 7
28 13
38 30
46 37
49 9
66 55
85 40
59 26
79 49
13 9
74 44
92 56
39 27
87 48
45 31
96 30
83 37
57 44
57 3
84 5
52 40
71 63
12 6
65 64
24 10
65 36
51 5
49 42
70 20
51 47
89 43
15 2
42 5
62 4
50 19
18 3
60 53
77 59
79 27
66 32
36 2
78 6
43 21
44 3
22 5
68 55
24 19
66 42
85 33
78 41
96 47
35 25
26 18
90 27
82 19
65 42
48 6
16 6
70 3
92 17
38 1
88 85
11 2
74 57
69 22
49 21
62 42
86 32
66 18
66 30
66 35
59 39
58 24
74 14
63 34
92 18
95 73
80 54
75 47
44 2
85 21
97 71
50 6
21 16
98 21
72 54
76 2
34 15
91 11
63 36
72 64
80 24
92 47
16 5
88 52
73 70
73 9
87 1
80 6
89 1
68 47
62 32
65 22
99 61
62 9
56 37
43 20
70 11
50 9
77 8
99 14
83 61
73 46
31 6
80 78
56 28
88 28
81 33
46 22
75 2
88 45
23 20
87 45
42 22
99 11
6 3
53 17
76 29
61 39
93 60
85 41
55 1
83 67
77 54
33 5
63 1
65 45
36 20
52 39
56 45
40 26
80 21
86 31
66 42
78 10
55 53
59 59
96 73
88 38
76 47
89 9
71 52
69 38
60 5
49 6
58 21
49 23
58 51
27 21
55 14
88 38
80 22
27 15
72 54
92 41
75 26
78 52
74 13
54 54
81 58
20 5
79 33
92 68
85 20
90 42
79 57
25 18
96 71
90 1
33 25
92 51
79 26
73 24
18 2
55 24
89 85
82 2
33 11
36 6
49 47
86 40
68 23
94 51
62 6
23 18
86 36
72 37
94 10
83 55
57 52
85 83
90 11
53 47
33 20
89 22
61 56
82 80
83 57
90 29
65 33
75 68
99 16
84 78
54 51
82 2
80 8
89 19
75 6
59 55
26 21
90 50
83 57
99 57
68 55
78 55
60 26
94 44
87 70
69 49
80 56
95 42
58 49
85 16
70 32
48 7
60 6
81 6
98 64
54 51
74 41
92 50
95 92
37 3
63 45
51 26
96 72
56 33
54 7
79 65
60 32
67 63
54 27
54 33
85 30
76 13
93 27
62 15
74 16
39 9
31 20
7 5
57 39
91 14
35 28
60 51
88 15
89 39
73 18
84 74
34 27
98 64
90 80
45 5
67 50
91 50
68 35
45 37
83 62
83 53
84 81
41 11
97 23
89 31
30 4
73 27
92 2
93 77
75 58
80 75
59 57
94 88
72 42
64 63
41 37
71 42
26 24
74 30
95 66
99 58
86 85
97 95
78 57
24 10
98 9
70 2
40 34
74 37
85 79
38 31
42 42
50 1
77 54
49 36
65 10
56 17
57 43
85 14
83 62
29 27
94 25
81 71
89 12
99 54
87 77
8 6
75 7
79 60
92 59
71 17
73 65
61 19
89 57
37 23
9 1
78 41
84 43
36 1
22 21
82 30
45 15
77 60
79 48
96 61
69 17
74 22
42 23
50 25
42 27
59 43
26 21
84 8
79 48
40 7
89 86
61 14
61 60
58 53
98 6
56 4
94 49
60 10
63 31
28 5
57 1
66 63
75 29
60 60
24 15
57 24
67 40
56 51
46 8
64 12
98 28
74 10
98 60
94 53
90 10
12 2
70 62
28 2
55 10
28 4
12 4
72 48
92 83
48 11
66 29
97 66
29 13
94 53
66 39
99 55
80 8
93 63
77 68
67 2
96 45
20 17
82 60
70 61
87 66
93 65
76 37
48 34
69 59
27 26
50 29
69 25
90 1
95 84
71 9
81 20
65 11
79 45
22 13
52 6
74 65
73 45
87 19
65 55
98 94
90 89
59 54
49 1
54 24
72 15
98 52
41 11
82 61
57 12
76 64
96 27
37 28
93 38
84 19
78 70
65 12
53 38
57 14
58 33
80 66
98 61
75 28
21 13
31 19
15 7
88 49
70 68
61 34
59 10
91 77
16 5
40 14
30 2
97 51
39 24
76 50
92 70
90 26
36 5
26 9
95 23
25 13
62 27
27 1
82 2
54 39
39 31
97 26
80 44
60 10
91 4
44 34
80 60
