5 99 99
72 12
43 40
65 24
89 2
41 39
32 23
64 9
84 64
48 48
84 48
54 45
87 38
86 47
71 31
64 8
49 24
70 34
40 27
87 7
28 18
74 55
80 28
95 35
93 44
90 88
52 22
77 31
82 38
79 47
64 31
25 3
17 12
78 52
99 20
16 6
80 74
32 12
75 7
70 35
46 34
25 15
92 92
69 23
16 5
78 1
90 22
49 42
3 2
40 39
48 27
62 12
40 36
91 43
67 2
75 51
73 43
83 55
91 71
79 70
74 22
72 71
57 54
75 8
88 66
74 72
67 31
92 52
80 15
50 42
89 4
77 22
63 51
93 13
73 68
31 30
42 10
34 18
78 5
78 21
94 71
58 51
77 7
77 21
80 54
60 32
78 27
59 56
41 41
83 82
92 88
76 6
75 48
16 2
95 49
87 31
30 27
97 30
49 14
51 34
